   1            10.00001
   2            10.00956
   3            10.11808
   4            10.41549
   5            10.88774
   6            11.48445
   7            12.16601
   8            12.90968
   9            13.70424
  10            14.54474
  11            15.42942
  12            16.35817
  13            17.33165
  14            18.35085
  15            19.41684
  16            20.53058
  17            21.69287
  18            22.90426
  19            24.16506
  20            25.47534
  21            26.83495
  22            28.24354
  23            29.70059
  24            31.20542
  25            32.75724
  26            34.35516
  27            35.99822
  28            37.68540
  29            39.41566
  30            41.18793
  31            43.00114
  32            44.85422
  33            46.74612
  34            48.67582
  35            50.64230
  36            52.64462
  37            54.68182
  38            56.75303
  39            58.85739
  40            60.99408
  41            63.16233
  42            65.36141
  43            67.59063
  44            69.84932
  45            72.13688
  46            74.45270
  47            76.79625
  48            79.16700
  49            81.56446
  50            83.98817
  51            86.43769
  52            88.91261
  53            91.41255
  54            93.93713
  55            96.48601
  56            99.05886
  57           101.65537
  58           104.27525
  59           106.91821
  60           109.58398
  61           112.27232
  62           114.98299
  63           117.71574
  64           120.47037
  65           123.24665
  66           126.04440
  67           128.86340
  68           131.70348
  69           134.56445
  70           137.44615
  71           140.34840
  72           143.27104
  73           146.21391
  74           149.17687
  75           152.15977
  76           155.16245
  77           158.18479
  78           161.22665
  79           164.28790
  80           167.36841
  81           170.46804
  82           173.58670
  83           176.72424
  84           179.88056
  85           183.05554
  86           186.24907
  87           189.46105
  88           192.69136
  89           195.93989
  90           199.20656
  91           202.49125
  92           205.79387
  93           209.11432
  94           212.45250
  95           215.80833
  96           219.18170
  97           222.57253
  98           225.98074
  99           229.40622
 100           232.84890
 101           236.30868
 102           239.78550
 103           243.27926
 104           246.78988
 105           250.31729
 106           253.86140
 107           257.42214
 108           260.99944
 109           264.59320
 110           268.20338
 111           271.82987
 112           275.47263
 113           279.13157
 114           282.80663
 115           286.49774
 116           290.20482
 117           293.92781
 118           297.66665
 119           301.42127
 120           305.19160
 121           308.97758
 122           312.77915
 123           316.59624
 124           320.42880
 125           324.27676
 126           328.14006
 127           332.01864
 128           335.91246
 129           339.82144
 130           343.74553
 131           347.68467
 132           351.63881
 133           355.60790
 134           359.59188
 135           363.59070
 136           367.60430
 137           371.63263
 138           375.67564
 139           379.73328
 140           383.80550
 141           387.89225
 142           391.99349
 143           396.10915
 144           400.23921
 145           404.38360
 146           408.54228
 147           412.71521
 148           416.90234
 149           421.10362
 150           425.31902
 151           429.54849
 152           433.79199
 153           438.04947
 154           442.32090
 155           446.60622
 156           450.90541
 157           455.21842
 158           459.54522
 159           463.88575
 160           468.24000
 161           472.60791
 162           476.98946
 163           481.38460
 164           485.79330
 165           490.21553
 166           494.65124
 167           499.10042
 168           503.56302
 169           508.03900
 170           512.52835
 171           517.03103
 172           521.54700
 173           526.07624
 174           530.61871
 175           535.17439
 176           539.74325
 177           544.32526
 178           548.92040
 179           553.52863
 180           558.14993
 181           562.78428
 182           567.43164
 183           572.09201
 184           576.76534
 185           581.45163
 186           586.15084
 187           590.86295
 188           595.58795
 189           600.32582
 190           605.07652
 191           609.84005
 192           614.61639
 193           619.40551
 194           624.20741
 195           629.02205
 196           633.84944
 197           638.68954
 198           643.54235
 199           648.40786
 200           653.28604
 201           658.17689
 202           663.08039
 203           667.99653
 204           672.92531
 205           677.86671
 206           682.82071
 207           687.78732
 208           692.76653
 209           697.75832
 210           702.76268
 211           707.77962
 212           712.80913
 213           717.85120
 214           722.90583
 215           727.97301
 216           733.05275
 217           738.14503
 218           743.24986
 219           748.36723
 220           753.49715
 221           758.63962
 222           763.79463
 223           768.96220
 224           774.14231
 225           779.33498
 226           784.54020
 227           789.75799
 228           794.98835
 229           800.23127
 230           805.48678
 231           810.75487
 232           816.03556
 233           821.32885
 234           826.63475
 235           831.95328
 236           837.28443
 237           842.62823
 238           847.98469
 239           853.35381
 240           858.73561
 241           864.13010
 242           869.53731
 243           874.95724
 244           880.38991
 245           885.83533
 246           891.29353
 247           896.76452
 248           902.24831
 249           907.74494
 250           913.25442
 251           918.77676
 252           924.31199
 253           929.86014
 254           935.42122
 255           940.99525
 256           946.58227
 257           952.18229
 258           957.79535
 259           963.42145
 260           969.06064
 261           974.71294
 262           980.37838
 263           986.05698
 264           991.74877
 265           997.45378
 266          1003.17205
 267          1008.90360
 268          1014.64847
 269          1020.40668
 270          1026.17828
 271          1031.96328
 272          1037.76173
 273          1043.57366
 274          1049.39911
 275          1055.23811
 276          1061.09069
 277          1066.95690
 278          1072.83677
 279          1078.73034
 280          1084.63765
 281          1090.55874
 282          1096.49364
 283          1102.44240
 284          1108.40505
 285          1114.38165
 286          1120.37223
 287          1126.37683
 288          1132.39550
 289          1138.42829
 290          1144.47522
 291          1150.53636
 292          1156.61175
 293          1162.70142
 294          1168.80544
 295          1174.92384
 296          1181.05667
 297          1187.20399
 298          1193.36584
 299          1199.54226
 300          1205.73332
 301          1211.93905
 302          1218.15952
 303          1224.39477
 304          1230.64485
 305          1236.90981
 306          1243.18972
 307          1249.48462
 308          1255.79457
 309          1262.11962
 310          1268.45982
 311          1274.81524
 312          1281.18592
 313          1287.57193
 314          1293.97332
 315          1300.39015
 316          1306.82247
 317          1313.27035
 318          1319.73384
 319          1326.21301
 320          1332.70791
 321          1339.21860
 322          1345.74515
 323          1352.28761
 324          1358.84606
 325          1365.42054
 326          1372.01112
 327          1378.61787
 328          1385.24085
 329          1391.88012
 330          1398.53574
 331          1405.20779
 332          1411.89633
 333          1418.60143
 334          1425.32314
 335          1432.06154
 336          1438.81669
 337          1445.58866
 338          1452.37753
 339          1459.18335
 340          1466.00620
 341          1472.84614
 342          1479.70325
 343          1486.57759
 344          1493.46924
 345          1500.37827
 346          1507.30475
 347          1514.24874
 348          1521.21033
 349          1528.18958
 350          1535.18657
 351          1542.20138
 352          1549.23406
 353          1556.28471
 354          1563.35339
 355          1570.44017
 356          1577.54514
 357          1584.66837
 358          1591.80994
 359          1598.96992
 360          1606.14838
 361          1613.34542
 362          1620.56109
 363          1627.79549
 364          1635.04869
 365          1642.32076
 366          1649.61180
 367          1656.92187
 368          1664.25105
 369          1671.59944
 370          1678.96710
 371          1686.35412
 372          1693.76059
 373          1701.18657
 374          1708.63216
 375          1716.09743
 376          1723.58247
 377          1731.08736
 378          1738.61219
 379          1746.15704
 380          1753.72199
 381          1761.30713
 382          1768.91254
 383          1776.53831
 384          1784.18452
 385          1791.85126
 386          1799.53861
 387          1807.24667
 388          1814.97551
 389          1822.72523
 390          1830.49592
 391          1838.28765
 392          1846.10053
 393          1853.93463
 394          1861.79005
 395          1869.66687
 396          1877.56519
 397          1885.48509
 398          1893.42667
 399          1901.39002
 400          1909.37522
 401          1917.38238
 402          1925.41157
 403          1933.46289
 404          1941.53644
 405          1949.63230
 406          1957.75057
 407          1965.89134
 408          1974.05471
 409          1982.24077
 410          1990.44961
 411          1998.68133
 412          2006.93603
 413          2015.21379
 414          2023.51471
 415          2031.83889
 416          2040.18643
 417          2048.55742
 418          2056.95195
 419          2065.37013
 420          2073.81206
 421          2082.27782
 422          2090.76752
 423          2099.28126
 424          2107.81913
 425          2116.38123
 426          2124.96767
 427          2133.57854
 428          2142.21394
 429          2150.87397
 430          2159.55874
 431          2168.26834
 432          2177.00287
 433          2185.76244
 434          2194.54715
 435          2203.35710
 436          2212.19238
 437          2221.05312
 438          2229.93940
 439          2238.85133
 440          2247.78902
 441          2256.75256
 442          2265.74207
 443          2274.75764
 444          2283.79939
 445          2292.86742
 446          2301.96182
 447          2311.08272
 448          2320.23021
 449          2329.40440
 450          2338.60540
 451          2347.83332
 452          2357.08825
 453          2366.37032
 454          2375.67963
 455          2385.01628
 456          2394.38039
 457          2403.77206
 458          2413.19141
 459          2422.63853
 460          2432.11356
 461          2441.61658
 462          2451.14772
 463          2460.70709
 464          2470.29479
 465          2479.91094
 466          2489.55565
 467          2499.22903
 468          2508.93119
 469          2518.66225
 470          2528.42233
 471          2538.21153
 472          2548.02996
 473          2557.87775
 474          2567.75500
 475          2577.66184
 476          2587.59837
 477          2597.56471
 478          2607.56098
 479          2617.58730
 480          2627.64377
 481          2637.73052
 482          2647.84767
 483          2657.99533
 484          2668.17362
 485          2678.38265
 486          2688.62255
 487          2698.89344
 488          2709.19543
 489          2719.52865
 490          2729.89320
 491          2740.28923
 492          2750.71683
 493          2761.17614
 494          2771.66728
 495          2782.19036
 496          2792.74552
 497          2803.33286
 498          2813.95252
 499          2824.60462
 500          2835.28928
 501          2846.00662
 502          2856.75677
 503          2867.53985
 504          2878.35599
 505          2889.20531
 506          2900.08794
 507          2911.00400
 508          2921.95362
 509          2932.93693
 510          2943.95405
 511          2955.00510
 512          2966.09023
 513          2977.20955
 514          2988.36319
 515          2999.55128
 516          3010.77396
 517          3022.03134
 518          3033.32357
 519          3044.65076
 520          3056.01305
 521          3067.41058
 522          3078.84346
 523          3090.31184
 524          3101.81584
 525          3113.35561
 526          3124.93126
 527          3136.54293
 528          3148.19076
 529          3159.87488
 530          3171.59543
 531          3183.35253
 532          3195.14633
 533          3206.97696
 534          3218.84455
 535          3230.74924
 536          3242.69117
 537          3254.67048
 538          3266.68729
 539          3278.74176
 540          3290.83401
 541          3302.96418
 542          3315.13242
 543          3327.33887
 544          3339.58365
 545          3351.86692
 546          3364.18881
 547          3376.54946
 548          3388.94902
 549          3401.38763
 550          3413.86542
 551          3426.38255
 552          3438.93915
 553          3451.53536
 554          3464.17133
 555          3476.84721
 556          3489.56314
 557          3502.31926
 558          3515.11572
 559          3527.95266
 560          3540.83024
 561          3553.74859
 562          3566.70786
 563          3579.70821
 564          3592.74977
 565          3605.83270
 566          3618.95715
 567          3632.12326
 568          3645.33118
 569          3658.58107
 570          3671.87307
 571          3685.20734
 572          3698.58402
 573          3712.00327
 574          3725.46524
 575          3738.97008
 576          3752.51795
 577          3766.10899
 578          3779.74337
 579          3793.42123
 580          3807.14273
 581          3820.90803
 582          3834.71728
 583          3848.57064
 584          3862.46826
 585          3876.41030
 586          3890.39692
 587          3904.42828
 588          3918.50453
 589          3932.62583
 590          3946.79235
 591          3961.00424
 592          3975.26166
 593          3989.56477
 594          4003.91374
 595          4018.30872
 596          4032.74988
 597          4047.23738
 598          4061.77138
 599          4076.35204
 600          4090.97954
 601          4105.65403
 602          4120.37567
 603          4135.14465
 604          4149.96111
 605          4164.82523
 606          4179.73717
 607          4194.69710
 608          4209.70519
 609          4224.76160
 610          4239.86651
 611          4255.02009
 612          4270.22249
 613          4285.47391
 614          4300.77449
 615          4316.12442
 616          4331.52387
 617          4346.97300
 618          4362.47200
 619          4378.02104
 620          4393.62028
 621          4409.26991
 622          4424.97009
 623          4440.72101
 624          4456.52283
 625          4472.37574
 626          4488.27991
 627          4504.23552
 628          4520.24275
 629          4536.30177
 630          4552.41277
 631          4568.57592
 632          4584.79140
 633          4601.05939
 634          4617.38008
 635          4633.75365
 636          4650.18027
 637          4666.66013
 638          4683.19342
 639          4699.78031
 640          4716.42100
 641          4733.11566
 642          4749.86448
 643          4766.66765
 644          4783.52535
 645          4800.43777
 646          4817.40510
 647          4834.42753
 648          4851.50523
 649          4868.63841
 650          4885.82726
 651          4903.07196
 652          4920.37270
 653          4937.72967
 654          4955.14307
 655          4972.61309
 656          4990.13993
 657          5007.72377
 658          5025.36481
 659          5043.06324
 660          5060.81927
 661          5078.63308
 662          5096.50487
 663          5114.43484
 664          5132.42319
 665          5150.47011
 666          5168.57581
 667          5186.74048
 668          5204.96433
 669          5223.24755
 670          5241.59034
 671          5259.99291
 672          5278.45546
 673          5296.97819
 674          5315.56131
 675          5334.20502
 676          5352.90952
 677          5371.67502
 678          5390.50173
 679          5409.38985
 680          5428.33959
 681          5447.35116
 682          5466.42477
 683          5485.56061
 684          5504.75892
 685          5524.01989
 686          5543.34373
 687          5562.73066
 688          5582.18089
 689          5601.69464
 690          5621.27210
 691          5640.91351
 692          5660.61908
 693          5680.38901
 694          5700.22353
 695          5720.12285
 696          5740.08719
 697          5760.11676
 698          5780.21180
 699          5800.37250
 700          5820.59911
 701          5840.89183
 702          5861.25088
 703          5881.67649
 704          5902.16889
 705          5922.72828
 706          5943.35491
 707          5964.04899
 708          5984.81074
 709          6005.64040
 710          6026.53818
 711          6047.50433
 712          6068.53905
 713          6089.64259
 714          6110.81518
 715          6132.05703
 716          6153.36839
 717          6174.74947
 718          6196.20053
 719          6217.72178
 720          6239.31346
 721          6260.97581
 722          6282.70906
 723          6304.51344
 724          6326.38920
 725          6348.33656
 726          6370.35577
 727          6392.44706
 728          6414.61067
 729          6436.84684
 730          6459.15582
 731          6481.53784
 732          6503.99314
 733          6526.52198
 734          6549.12458
 735          6571.80119
 736          6594.55207
 737          6617.37745
 738          6640.27758
 739          6663.25270
 740          6686.30307
 741          6709.42894
 742          6732.63054
 743          6755.90814
 744          6779.26197
 745          6802.69230
 746          6826.19938
 747          6849.78345
 748          6873.44478
 749          6897.18361
 750          6921.00020
 751          6944.89481
 752          6968.86769
 753          6992.91909
 754          7017.04929
 755          7041.25853
 756          7065.54708
 757          7089.91520
 758          7114.36314
 759          7138.89117
 760          7163.49955
 761          7188.18855
 762          7212.95843
 763          7237.80945
 764          7262.74189
 765          7287.75600
 766          7312.85205
 767          7338.03031
 768          7363.29106
 769          7388.63456
 770          7414.06108
 771          7439.57089
 772          7465.16426
 773          7490.84148
 774          7516.60280
 775          7542.44851
 776          7568.37888
 777          7594.39419
 778          7620.49471
 779          7646.68073
 780          7672.95252
 781          7699.31035
 782          7725.75452
 783          7752.28530
 784          7778.90297
 785          7805.60782
 786          7832.40013
 787          7859.28018
 788          7886.24827
 789          7913.30467
 790          7940.44967
 791          7967.68356
 792          7995.00663
 793          8022.41917
 794          8049.92147
 795          8077.51382
 796          8105.19652
 797          8132.96985
 798          8160.83410
 799          8188.78959
 800          8216.83659
 801          8244.97541
 802          8273.20634
 803          8301.52968
 804          8329.94574
 805          8358.45480
 806          8387.05718
 807          8415.75317
 808          8444.54308
 809          8473.42720
 810          8502.40585
 811          8531.47933
 812          8560.64795
 813          8589.91200
 814          8619.27181
 815          8648.72768
 816          8678.27991
 817          8707.92883
 818          8737.67474
 819          8767.51795
 820          8797.45878
 821          8827.49754
 822          8857.63455
 823          8887.87012
 824          8918.20457
 825          8948.63823
 826          8979.17140
 827          9009.80441
 828          9040.53757
 829          9071.37122
 830          9102.30568
 831          9133.34126
 832          9164.47829
 833          9195.71710
 834          9227.05801
 835          9258.50136
 836          9290.04747
 837          9321.69666
 838          9353.44928
 839          9385.30565
 840          9417.26611
 841          9449.33098
 842          9481.50060
 843          9513.77532
 844          9546.15545
 845          9578.64135
 846          9611.23335
 847          9643.93178
 848          9676.73700
 849          9709.64933
 850          9742.66913
 851          9775.79674
 852          9809.03249
 853          9842.37674
 854          9875.82983
 855          9909.39211
 856          9943.06393
 857          9976.84564
 858         10010.73758
 859         10044.74011
 860         10078.85358
 861         10113.07834
 862         10147.41476
 863         10181.86318
 864         10216.42395
 865         10251.09745
 866         10285.88403
 867         10320.78404
 868         10355.79784
 869         10390.92581
 870         10426.16830
 871         10461.52567
 872         10496.99829
 873         10532.58653
 874         10568.29076
 875         10604.11133
 876         10640.04863
 877         10676.10302
 878         10712.27486
 879         10748.56455
 880         10784.97244
 881         10821.49891
 882         10858.14434
 883         10894.90911
 884         10931.79359
 885         10968.79816
 886         11005.92321
 887         11043.16910
 888         11080.53623
 889         11118.02498
 890         11155.63573
 891         11193.36887
 892         11231.22478
 893         11269.20386
 894         11307.30649
 895         11345.53306
 896         11383.88396
 897         11422.35959
 898         11460.96033
 899         11499.68659
 900         11538.53875
 901         11577.51722
 902         11616.62240
 903         11655.85467
 904         11695.21445
 905         11734.70213
 906         11774.31812
 907         11814.06282
 908         11853.93663
 909         11893.93996
 910         11934.07322
 911         11974.33682
 912         12014.73116
 913         12055.25666
 914         12095.91373
 915         12136.70278
 916         12177.62423
 917         12218.67848
 918         12259.86597
 919         12301.18709
 920         12342.64229
 921         12384.23197
 922         12425.95655
 923         12467.81647
 924         12509.81213
 925         12551.94398
 926         12594.21242
 927         12636.61790
 928         12679.16084
 929         12721.84167
 930         12764.66082
 931         12807.61872
 932         12850.71581
 933         12893.95252
 934         12937.32929
 935         12980.84656
 936         13024.50476
 937         13068.30433
 938         13112.24572
 939         13156.32936
 940         13200.55570
 941         13244.92519
 942         13289.43827
 943         13334.09539
 944         13378.89700
 945         13423.84354
 946         13468.93548
 947         13514.17325
 948         13559.55732
 949         13605.08813
 950         13650.76616
 951         13696.59184
 952         13742.56565
 953         13788.68804
 954         13834.95948
 955         13881.38042
 956         13927.95133
 957         13974.67268
 958         14021.54494
 959         14068.56856
 960         14115.74402
 961         14163.07180
 962         14210.55236
 963         14258.18617
 964         14305.97372
 965         14353.91547
 966         14402.01190
 967         14450.26350
 968         14498.67075
 969         14547.23411
 970         14595.95409
 971         14644.83115
 972         14693.86580
 973         14743.05850
 974         14792.40976
 975         14841.92006
 976         14891.58989
 977         14941.41974
 978         14991.41011
 979         15041.56150
 980         15091.87439
 981         15142.34930
 982         15192.98670
 983         15243.78712
 984         15294.75104
 985         15345.87898
 986         15397.17143
 987         15448.62891
 988         15500.25192
 989         15552.04096
 990         15603.99656
 991         15656.11922
 992         15708.40946
 993         15760.86778
 994         15813.49471
 995         15866.29077
 996         15919.25646
 997         15972.39232
 998         16025.69887
 999         16079.17662
1000         16132.82611
1001         16186.64786
1002         16240.64239
1003         16294.81024
1004         16349.15193
1005         16403.66801
1006         16458.35899
1007         16513.22542
1008         16568.26784
1009         16623.48678
1010         16678.88278
1011         16734.45638
1012         16790.20813
1013         16846.13856
1014         16902.24823
1015         16958.53768
1016         17015.00745
1017         17071.65811
1018         17128.49019
1019         17185.50426
1020         17242.70087
1021         17300.08057
1022         17357.64392
1023         17415.39148
1024         17473.32381
1025         17531.44148
1026         17589.74504
1027         17648.23506
1028         17706.91211
1029         17765.77675
1030         17824.82957
1031         17884.07111
1032         17943.50197
1033         18003.12272
1034         18062.93392
1035         18122.93616
1036         18183.13002
1037         18243.51608
1038         18304.09492
1039         18364.86712
1040         18425.83327
1041         18486.99396
1042         18548.34977
1043         18609.90130
1044         18671.64914
1045         18733.59387
1046         18795.73611
1047         18858.07643
1048         18920.61545
1049         18983.35375
1050         19046.29195
1051         19109.43065
1052         19172.77044
1053         19236.31194
1054         19300.05575
1055         19364.00249
1056         19428.15276
1057         19492.50718
1058         19557.06636
1059         19621.83092
1060         19686.80148
1061         19751.97865
1062         19817.36306
1063         19882.95533
1064         19948.75608
1065         20014.76594
1066         20080.98554
1067         20147.41551
1068         20214.05648
1069         20280.90908
1070         20347.97395
1071         20415.25172
1072         20482.74303
1073         20550.44852
1074         20618.36883
1075         20686.50460
1076         20754.85648
1077         20823.42512
1078         20892.21117
1079         20961.21526
1080         21030.43806
1081         21099.88022
1082         21169.54240
1083         21239.42524
1084         21309.52941
1085         21379.85558
1086         21450.40439
1087         21521.17652
1088         21592.17262
1089         21663.39338
1090         21734.83945
1091         21806.51151
1092         21878.41022
1093         21950.53628
1094         22022.89034
1095         22095.47309
1096         22168.28521
1097         22241.32737
1098         22314.60027
1099         22388.10458
1100         22461.84100
1101         22535.81021
1102         22610.01291
1103         22684.44977
1104         22759.12151
1105         22834.02881
1106         22909.17237
1107         22984.55290
1108         23060.17108
1109         23136.02764
1110         23212.12326
1111         23288.45866
1112         23365.03454
1113         23441.85162
1114         23518.91061
1115         23596.21222
1116         23673.75716
1117         23751.54617
1118         23829.57994
1119         23907.85922
1120         23986.38471
1121         24065.15715
1122         24144.17726
1123         24223.44577
1124         24302.96342
1125         24382.73092
1126         24462.74903
1127         24543.01847
1128         24623.53998
1129         24704.31431
1130         24785.34219
1131         24866.62438
1132         24948.16160
1133         25029.95463
1134         25112.00419
1135         25194.31105
1136         25276.87595
1137         25359.69966
1138         25442.78293
1139         25526.12653
1140         25609.73120
1141         25693.59771
1142         25777.72684
1143         25862.11934
1144         25946.77599
1145         26031.69755
1146         26116.88481
1147         26202.33852
1148         26288.05948
1149         26374.04846
1150         26460.30624
1151         26546.83360
1152         26633.63132
1153         26720.70021
1154         26808.04103
1155         26895.65459
1156         26983.54167
1157         27071.70308
1158         27160.13960
1159         27248.85204
1160         27337.84119
1161         27427.10786
1162         27516.65286
1163         27606.47698
1164         27696.58104
1165         27786.96585
1166         27877.63223
1167         27968.58097
1168         28059.81291
1169         28151.32887
1170         28243.12965
1171         28335.21609
1172         28427.58901
1173         28520.24923
1174         28613.19759
1175         28706.43492
1176         28799.96205
1177         28893.77981
1178         28987.88904
1179         29082.29058
1180         29176.98527
1181         29271.97396
1182         29367.25749
1183         29462.83670
1184         29558.71246
1185         29654.88560
1186         29751.35699
1187         29848.12747
1188         29945.19791
1189         30042.56917
1190         30140.24210
1191         30238.21758
1192         30336.49646
1193         30435.07963
1194         30533.96794
1195         30633.16227
1196         30732.66350
1197         30832.47250
1198         30932.59015
1199         31033.01733
1200         31133.75493
1201         31234.80383
1202         31336.16492
1203         31437.83909
1204         31539.82722
1205         31642.13023
1206         31744.74899
1207         31847.68441
1208         31950.93739
1209         32054.50883
1210         32158.39964
1211         32262.61072
1212         32367.14298
1213         32471.99734
1214         32577.17471
1215         32682.67600
1216         32788.50213
1217         32894.65403
1218         33001.13260
1219         33107.93879
1220         33215.07351
1221         33322.53769
1222         33430.33227
1223         33538.45818
1224         33646.91635
1225         33755.70772
1226         33864.83324
1227         33974.29383
1228         34084.09046
1229         34194.22406
1230         34304.69558
1231         34415.50598
1232         34526.65621
1233         34638.14722
1234         34749.97997
1235         34862.15543
1236         34974.67454
1237         35087.53829
1238         35200.74763
1239         35314.30354
1240         35428.20698
1241         35542.45894
1242         35657.06037
1243         35772.01228
1244         35887.31562
1245         36002.97140
1246         36118.98058
1247         36235.34417
1248         36352.06314
1249         36469.13850
1250         36586.57123
1251         36704.36233
1252         36822.51281
1253         36941.02365
1254         37059.89588
1255         37179.13048
1256         37298.72847
1257         37418.69086
1258         37539.01867
1259         37659.71290
1260         37780.77458
1261         37902.20472
1262         38024.00435
1263         38146.17449
1264         38268.71616
1265         38391.63041
1266         38514.91825
1267         38638.58072
1268         38762.61887
1269         38887.03372
1270         39011.82631
1271         39136.99770
1272         39262.54893
1273         39388.48104
1274         39514.79508
1275         39641.49211
1276         39768.57319
1277         39896.03936
1278         40023.89170
1279         40152.13125
1280         40280.75910
1281         40409.77629
1282         40539.18391
1283         40668.98303
1284         40799.17471
1285         40929.76005
1286         41060.74010
1287         41192.11596
1288         41323.88871
1289         41456.05944
1290         41588.62924
1291         41721.59919
1292         41854.97039
1293         41988.74393
1294         42122.92092
1295         42257.50246
1296         42392.48964
1297         42527.88358
1298         42663.68538
1299         42799.89616
1300         42936.51701
1301         43073.63700
1302         43211.17853
1303         43349.13896
1304         43487.51950
1305         43626.32133
1306         43765.54568
1307         43905.19374
1308         44045.26672
1309         44185.76584
1310         44326.69232
1311         44468.04737
1312         44609.83222
1313         44752.04809
1314         44894.69622
1315         45037.77783
1316         45181.29417
1317         45325.24647
1318         45469.63598
1319         45614.46393
1320         45759.73159
1321         45905.44020
1322         46051.59101
1323         46198.18530
1324         46345.22431
1325         46492.70932
1326         46640.64159
1327         46789.02239
1328         46937.85301
1329         47087.13471
1330         47236.86879
1331         47387.05652
1332         47537.69920
1333         47688.79811
1334         47840.35456
1335         47992.36984
1336         48144.84526
1337         48297.78211
1338         48451.18172
1339         48605.04538
1340         48759.37443
1341         48914.17017
1342         49069.43392
1343         49225.16703
1344         49381.37080
1345         49538.04659
1346         49695.19572
1347         49852.81953
1348         50010.91937
1349         50169.49659
1350         50328.55253
1351         50488.08855
1352         50648.10601
1353         50808.60626
1354         50969.59067
1355         51131.06062
1356         51293.01746
1357         51455.46258
1358         51618.39736
1359         51781.82317
1360         51945.74141
1361         52110.15346
1362         52275.06071
1363         52440.46457
1364         52606.36642
1365         52772.76768
1366         52939.66976
1367         53107.07406
1368         53274.98200
1369         53443.39499
1370         53612.31446
1371         53781.74184
1372         53951.67855
1373         54122.12603
1374         54293.08572
1375         54464.55904
1376         54636.54746
1377         54809.05241
1378         54982.07535
1379         55155.61773
1380         55329.68101
1381         55504.26666
1382         55679.37613
1383         55855.01091
1384         56031.17247
1385         56207.86228
1386         56385.08182
1387         56562.83258
1388         56741.11606
1389         56919.93373
1390         57099.28711
1391         57279.17769
1392         57459.60697
1393         57640.57646
1394         57822.08769
1395         58004.14215
1396         58186.74137
1397         58369.88689
1398         58553.58021
1399         58737.82288
1400         58922.61644
1401         59107.96241
1402         59293.86235
1403         59480.31780
1404         59667.33032
1405         59854.90145
1406         60043.03276
1407         60231.72582
1408         60420.98218
1409         60610.80343
1410         60801.19113
1411         60992.14686
1412         61183.67222
1413         61375.76878
1414         61568.43814
1415         61761.68189
1416         61955.50163
1417         62149.89898
1418         62344.87552
1419         62540.43288
1420         62736.57268
1421         62933.29652
1422         63130.60605
1423         63328.50287
1424         63526.98864
1425         63726.06498
1426         63925.73353
1427         64125.99594
1428         64326.85386
1429         64528.30894
1430         64730.36284
1431         64933.01723
1432         65136.27376
1433         65340.13410
1434         65544.59994
1435         65749.67294
1436         65955.35480
1437         66161.64720
1438         66368.55183
1439         66576.07039
1440         66784.20457
1441         66992.95608
1442         67202.32663
1443         67412.31793
1444         67622.93171
1445         67834.16967
1446         68046.03355
1447         68258.52508
1448         68471.64598
1449         68685.39801
1450         68899.78290
1451         69114.80240
1452         69330.45827
1453         69546.75225
1454         69763.68611
1455         69981.26163
1456         70199.48055
1457         70418.34467
1458         70637.85575
1459         70858.01559
1460         71078.82597
1461         71300.28868
1462         71522.40552
1463         71745.17828
1464         71968.60879
1465         72192.69884
1466         72417.45025
1467         72642.86484
1468         72868.94443
1469         73095.69086
1470         73323.10595
1471         73551.19154
1472         73779.94948
1473         74009.38162
1474         74239.48979
1475         74470.27587
1476         74701.74171
1477         74933.88917
1478         75166.72013
1479         75400.23646
1480         75634.44005
1481         75869.33276
1482         76104.91650
1483         76341.19316
1484         76578.16464
1485         76815.83283
1486         77054.19965
1487         77293.26701
1488         77533.03682
1489         77773.51102
1490         78014.69152
1491         78256.58025
1492         78499.17916
1493         78742.49019
1494         78986.51527
1495         79231.25637
1496         79476.71544
1497         79722.89444
1498         79969.79533
1499         80217.42008
1500         80465.77068
1501         80714.84910
1502         80964.65732
1503         81215.19734
1504         81466.47115
1505         81718.48075
1506         81971.22815
1507         82224.71535
1508         82478.94438
1509         82733.91725
1510         82989.63598
1511         83246.10261
1512         83503.31917
1513         83761.28770
1514         84020.01025
1515         84279.48886
1516         84539.72560
1517         84800.72252
1518         85062.48168
1519         85325.00516
1520         85588.29504
1521         85852.35339
1522         86117.18230
1523         86382.78386
1524         86649.16017
1525         86916.31333
1526         87184.24544
1527         87452.95862
1528         87722.45498
1529         87992.73665
1530         88263.80575
1531         88535.66442
1532         88808.31479
1533         89081.75900
1534         89355.99922
1535         89631.03758
1536         89906.87625
1537         90183.51739
1538         90460.96317
1539         90739.21577
1540         91018.27736
1541         91298.15014
1542         91578.83629
1543         91860.33801
1544         92142.65750
1545         92425.79697
1546         92709.75863
1547         92994.54470
1548         93280.15740
1549         93566.59896
1550         93853.87162
1551         94141.97762
1552         94430.91919
1553         94720.69859
1554         95011.31808
1555         95302.77992
1556         95595.08638
1557         95888.23972
1558         96182.24224
1559         96477.09620
1560         96772.80390
1561         97069.36764
1562         97366.78972
1563         97665.07244
1564         97964.21811
1565         98264.22906
1566         98565.10760
1567         98866.85606
1568         99169.47679
1569         99472.97211
1570         99777.34438
1571        100082.59594
1572        100388.72915
1573        100695.74639
1574        101003.65000
1575        101312.44238
1576        101622.12590
1577        101932.70294
1578        102244.17590
1579        102556.54718
1580        102869.81917
1581        103183.99429
1582        103499.07496
1583        103815.06359
1584        104131.96261
1585        104449.77446
1586        104768.50157
1587        105088.14638
1588        105408.71135
1589        105730.19894
1590        106052.61160
1591        106375.95181
1592        106700.22203
1593        107025.42475
1594        107351.56246
1595        107678.63765
1596        108006.65280
1597        108335.61044
1598        108665.51307
1599        108996.36320
1600        109328.16337
1601        109660.91608
1602        109994.62389
1603        110329.28933
1604        110664.91495
1605        111001.50330
1606        111339.05694
1607        111677.57844
1608        112017.07036
1609        112357.53529
1610        112698.97580
1611        113041.39449
1612        113384.79396
1613        113729.17680
1614        114074.54563
1615        114420.90306
1616        114768.25170
1617        115116.59420
1618        115465.93318
1619        115816.27127
1620        116167.61114
1621        116519.95543
1622        116873.30680
1623        117227.66791
1624        117583.04144
1625        117939.43006
1626        118296.83646
1627        118655.26334
1628        119014.71338
1629        119375.18929
1630        119736.69379
1631        120099.22958
1632        120462.79940
1633        120827.40596
1634        121193.05202
1635        121559.74030
1636        121927.47356
1637        122296.25456
1638        122666.08606
1639        123036.97082
1640        123408.91163
1641        123781.91126
1642        124155.97250
1643        124531.09815
1644        124907.29101
1645        125284.55390
1646        125662.88961
1647        126042.30098
1648        126422.79084
1649        126804.36202
1650        127187.01735
1651        127570.75971
1652        127955.59192
1653        128341.51687
1654        128728.53742
1655        129116.65644
1656        129505.87682
1657        129896.20144
1658        130287.63321
1659        130680.17503
1660        131073.82980
1661        131468.60045
1662        131864.48989
1663        132261.50107
1664        132659.63691
1665        133058.90036
1666        133459.29437
1667        133860.82190
1668        134263.48592
1669        134667.28940
1670        135072.23532
1671        135478.32666
1672        135885.56643
1673        136293.95761
1674        136703.50322
1675        137114.20627
1676        137526.06978
1677        137939.09679
1678        138353.29032
1679        138768.65343
1680        139185.18916
1681        139602.90057
1682        140021.79072
1683        140441.86269
1684        140863.11955
1685        141285.56440
1686        141709.20032
1687        142134.03042
1688        142560.05780
1689        142987.28557
1690        143415.71687
1691        143845.35482
1692        144276.20256
1693        144708.26324
1694        145141.53999
1695        145576.03600
1696        146011.75441
1697        146448.69841
1698        146886.87117
1699        147326.27589
1700        147766.91576
1701        148208.79398
1702        148651.91377
1703        149096.27835
1704        149541.89093
1705        149988.75476
1706        150436.87308
1707        150886.24913
1708        151336.88617
1709        151788.78747
1710        152241.95629
1711        152696.39592
1712        153152.10964
1713        153609.10074
1714        154067.37253
1715        154526.92832
1716        154987.77143
1717        155449.90518
1718        155913.33289
1719        156378.05792
1720        156844.08361
1721        157311.41332
1722        157780.05041
1723        158249.99825
1724        158721.26022
1725        159193.83971
1726        159667.74011
1727        160142.96483
1728        160619.51728
1729        161097.40086
1730        161576.61902
1731        162057.17519
1732        162539.07280
1733        163022.31531
1734        163506.90618
1735        163992.84886
1736        164480.14684
1737        164968.80360
1738        165458.82263
1739        165950.20742
1740        166442.96148
1741        166937.08833
1742        167432.59149
1743        167929.47449
1744        168427.74086
1745        168927.39415
1746        169428.43792
1747        169930.87574
1748        170434.71116
1749        170939.94778
1750        171446.58917
1751        171954.63894
1752        172464.10068
1753        172974.97802
1754        173487.27456
1755        174000.99394
1756        174516.13980
1757        175032.71578
1758        175550.72553
1759        176070.17272
1760        176591.06102
1761        177113.39410
1762        177637.17566
1763        178162.40938
1764        178689.09897
1765        179217.24815
1766        179746.86063
1767        180277.94015
1768        180810.49044
1769        181344.51525
1770        181880.01833
1771        182417.00344
1772        182955.47437
1773        183495.43488
1774        184036.88877
1775        184579.83984
1776        185124.29189
1777        185670.24874
1778        186217.71420
1779        186766.69212
1780        187317.18633
1781        187869.20069
1782        188422.73904
1783        188977.80527
1784        189534.40324
1785        190092.53684
1786        190652.20996
1787        191213.42651
1788        191776.19039
1789        192340.50553
1790        192906.37586
1791        193473.80530
1792        194042.79782
1793        194613.35736
1794        195185.48788
1795        195759.19337
1796        196334.47781
1797        196911.34518
1798        197489.79948
1799        198069.84473
1800        198651.48495
1801        199234.72415
1802        199819.56638
1803        200406.01568
1804        200994.07611
1805        201583.75173
1806        202175.04661
1807        202767.96484
1808        203362.51050
1809        203958.68770
1810        204556.50054
1811        205155.95315
1812        205757.04965
1813        206359.79418
1814        206964.19089
1815        207570.24393
1816        208177.95746
1817        208787.33566
1818        209398.38272
1819        210011.10283
1820        210625.50018
1821        211241.57900
1822        211859.34350
1823        212478.79791
1824        213099.94647
1825        213722.79343
1826        214347.34306
1827        214973.59962
1828        215601.56738
1829        216231.25064
1830        216862.65369
1831        217495.78084
1832        218130.63640
1833        218767.22471
1834        219405.55008
1835        220045.61688
1836        220687.42946
1837        221330.99217
1838        221976.30940
1839        222623.38552
1840        223272.22494
1841        223922.83205
1842        224575.21126
1843        225229.36700
1844        225885.30371
1845        226543.02582
1846        227202.53778
1847        227863.84407
1848        228526.94914
1849        229191.85748
1850        229858.57359
1851        230527.10196
1852        231197.44711
1853        231869.61356
1854        232543.60583
1855        233219.42847
1856        233897.08604
1857        234576.58309
1858        235257.92419
1859        235941.11393
1860        236626.15689
1861        237313.05769
1862        238001.82092
1863        238692.45122
1864        239384.95321
1865        240079.33155
1866        240775.59087
1867        241473.73584
1868        242173.77114
1869        242875.70145
1870        243579.53146
1871        244285.26587
1872        244992.90941
1873        245702.46679
1874        246413.94275
1875        247127.34203
1876        247842.66939
1877        248559.92960
1878        249279.12743
1879        250000.26767
1880        250723.35511
1881        251448.39457
1882        252175.39086
1883        252904.34880
1884        253635.27325
1885        254368.16904
1886        255103.04105
1887        255839.89413
1888        256578.73318
1889        257319.56308
1890        258062.38873
1891        258807.21505
1892        259554.04697
1893        260302.88941
1894        261053.74733
1895        261806.62568
1896        262561.52943
1897        263318.46355
1898        264077.43303
1899        264838.44288
1900        265601.49810
1901        266366.60371
1902        267133.76475
1903        267902.98626
1904        268674.27329
1905        269447.63090
1906        270223.06418
1907        271000.57821
1908        271780.17808
1909        272561.86891
1910        273345.65582
1911        274131.54393
1912        274919.53838
1913        275709.64434
1914        276501.86696
1915        277296.21142
1916        278092.68290
1917        278891.28661
1918        279692.02775
1919        280494.91154
1920        281299.94321
1921        282107.12800
1922        282916.47117
1923        283727.97798
1924        284541.65371
1925        285357.50364
1926        286175.53308
1927        286995.74733
1928        287818.15172
1929        288642.75157
1930        289469.55224
1931        290298.55907
1932        291129.77744
1933        291963.21272
1934        292798.87031
1935        293636.75560
1936        294476.87401
1937        295319.23096
1938        296163.83189
1939        297010.68225
1940        297859.78750
1941        298711.15310
1942        299564.78454
1943        300420.68732
1944        301278.86694
1945        302139.32892
1946        303002.07879
1947        303867.12209
1948        304734.46437
1949        305604.11120
1950        306476.06815
1951        307350.34082
1952        308226.93481
1953        309105.85572
1954        309987.10918
1955        310870.70082
1956        311756.63631
1957        312644.92128
1958        313535.56143
1959        314428.56243
1960        315323.92997
1961        316221.66977
1962        317121.78755
1963        318024.28903
1964        318929.17997
1965        319836.46611
1966        320746.15324
1967        321658.24712
1968        322572.75355
1969        323489.67834
1970        324409.02731
1971        325330.80628
1972        326255.02109
1973        327181.67761
1974        328110.78169
1975        329042.33922
1976        329976.35609
1977        330912.83819
1978        331851.79146
1979        332793.22181
1980        333737.13518
1981        334683.53754
1982        335632.43484
1983        336583.83306
1984        337537.73820
1985        338494.15626
1986        339453.09325
1987        340414.55521
1988        341378.54817
1989        342345.07818
1990        343314.15132
1991        344285.77366
1992        345259.95130
1993        346236.69034
1994        347215.99689
1995        348197.87709
1996        349182.33708
1997        350169.38302
1998        351159.02107
1999        352151.25741
2000        353146.09824
2001        354143.54977
2002        355143.61821
2003        356146.30980
2004        357151.63079
2005        358159.58742
2006        359170.18598
2007        360183.43276
2008        361199.33403
2009        362217.89613
2010        363239.12536
2011        364263.02808
2012        365289.61062
2013        366318.87936
2014        367350.84066
2015        368385.50092
2016        369422.86654
2017        370462.94393
2018        371505.73954
2019        372551.25978
2020        373599.51114
2021        374650.50006
2022        375704.23304
2023        376760.71658
2024        377819.95717
2025        378881.96134
2026        379946.73563
2027        381014.28660
2028        382084.62079
2029        383157.74479
2030        384233.66518
2031        385312.38858
2032        386393.92159
2033        387478.27085
2034        388565.44301
2035        389655.44471
2036        390748.28264
2037        391843.96347
2038        392942.49390
2039        394043.88066
2040        395148.13046
2041        396255.25004
2042        397365.24615
2043        398478.12558
2044        399593.89509
2045        400712.56148
2046        401834.13156
2047        402958.61215
2048        404086.01009
2049        405216.33223
2050        406349.58544
2051        407485.77660
2052        408624.91258
2053        409767.00032
2054        410912.04671
2055        412060.05871
2056        413211.04325
2057        414365.00730
2058        415521.95784
2059        416681.90186
2060        417844.84636
2061        419010.79837
2062        420179.76492
2063        421351.75305
2064        422526.76982
2065        423704.82233
2066        424885.91765
2067        426070.06289
2068        427257.26517
2069        428447.53162
2070        429640.86940
2071        430837.28566
2072        432036.78759
2073        433239.38237
2074        434445.07721
2075        435653.87934
2076        436865.79598
2077        438080.83439
2078        439299.00183
2079        440520.30558
2080        441744.75294
2081        442972.35120
2082        444203.10771
2083        445437.02978
2084        446674.12479
2085        447914.40008
2086        449157.86305
2087        450404.52109
2088        451654.38162
2089        452907.45205
2090        454163.73984
2091        455423.25243
2092        456685.99730
2093        457951.98194
2094        459221.21383
2095        460493.70051
2096        461769.44951
2097        463048.46836
2098        464330.76462
2099        465616.34589
2100        466905.21973
2101        468197.39377
2102        469492.87563
2103        470791.67293
2104        472093.79333
2105        473399.24451
2106        474708.03413
2107        476020.16990
2108        477335.65954
2109        478654.51076
2110        479976.73131
2111        481302.32896
2112        482631.31147
2113        483963.68663
2114        485299.46225
2115        486638.64615
2116        487981.24617
2117        489327.27016
2118        490676.72597
2119        492029.62151
2120        493385.96465
2121        494745.76333
2122        496109.02546
2123        497475.75899
2124        498845.97188
2125        500219.67211
2126        501596.86767
2127        502977.56657
2128        504361.77682
2129        505749.50647
2130        507140.76358
2131        508535.55621
2132        509933.89245
2133        511335.78041
2134        512741.22820
2135        514150.24395
2136        515562.83581
2137        516979.01196
2138        518398.78058
2139        519822.14985
2140        521249.12800
2141        522679.72326
2142        524113.94387
2143        525551.79809
2144        526993.29421
2145        528438.44051
2146        529887.24532
2147        531339.71695
2148        532795.86375
2149        534255.69407
2150        535719.21631
2151        537186.43884
2152        538657.37007
2153        540132.01843
2154        541610.39237
2155        543092.50033
2156        544578.35080
2157        546067.95226
2158        547561.31322
2159        549058.44221
2160        550559.34776
2161        552064.03842
2162        553572.52279
2163        555084.80943
2164        556600.90696
2165        558120.82401
2166        559644.56921
2167        561172.15122
2168        562703.57870
2169        564238.86036
2170        565778.00490
2171        567321.02104
2172        568867.91751
2173        570418.70309
2174        571973.38654
2175        573531.97665
2176        575094.48223
2177        576660.91211
2178        578231.27512
2179        579805.58013
2180        581383.83601
2181        582966.05165
2182        584552.23597
2183        586142.39788
2184        587736.54634
2185        589334.69031
2186        590936.83875
2187        592543.00068
2188        594153.18510
2189        595767.40103
2190        597385.65754
2191        599007.96367
2192        600634.32852
2193        602264.76119
2194        603899.27078
2195        605537.86644
2196        607180.55731
2197        608827.35256
2198        610478.26138
2199        612133.29297
2200        613792.45656
2201        615455.76138
2202        617123.21669
2203        618794.83176
2204        620470.61589
2205        622150.57837
2206        623834.72855
2207        625523.07576
2208        627215.62936
2209        628912.39875
2210        630613.39330
2211        632318.62244
2212        634028.09561
2213        635741.82224
2214        637459.81182
2215        639182.07383
2216        640908.61777
2217        642639.45317
2218        644374.58956
2219        646114.03651
2220        647857.80358
2221        649605.90039
2222        651358.33653
2223        653115.12165
2224        654876.26538
2225        656641.77740
2226        658411.66739
2227        660185.94505
2228        661964.62011
2229        663747.70230
2230        665535.20139
2231        667327.12715
2232        669123.48938
2233        670924.29788
2234        672729.56250
2235        674539.29307
2236        676353.49948
2237        678172.19159
2238        679995.37933
2239        681823.07261
2240        683655.28138
2241        685492.01560
2242        687333.28524
2243        689179.10031
2244        691029.47082
2245        692884.40680
2246        694743.91832
2247        696608.01544
2248        698476.70825
2249        700350.00687
2250        702227.92143
2251        704110.46206
2252        705997.63895
2253        707889.46226
2254        709785.94222
2255        711687.08904
2256        713592.91296
2257        715503.42424
2258        717418.63317
2259        719338.55005
2260        721263.18519
2261        723192.54893
2262        725126.65162
2263        727065.50365
2264        729009.11540
2265        730957.49729
2266        732910.65976
2267        734868.61325
2268        736831.36824
2269        738798.93522
2270        740771.32469
2271        742748.54720
2272        744730.61328
2273        746717.53350
2274        748709.31846
2275        750705.97875
2276        752707.52502
2277        754713.96789
2278        756725.31804
2279        758741.58615
2280        760762.78293
2281        762788.91910
2282        764820.00541
2283        766856.05261
2284        768897.07149
2285        770943.07286
2286        772994.06754
2287        775050.06636
2288        777111.08020
2289        779177.11993
2290        781248.19645
2291        783324.32069
2292        785405.50358
2293        787491.75610
2294        789583.08922
2295        791679.51393
2296        793781.04127
2297        795887.68228
2298        797999.44801
2299        800116.34954
2300        802238.39798
2301        804365.60446
2302        806497.98010
2303        808635.53608
2304        810778.28357
2305        812926.23378
2306        815079.39793
2307        817237.78727
2308        819401.41305
2309        821570.28656
2310        823744.41910
2311        825923.82200
2312        828108.50660
2313        830298.48427
2314        832493.76639
2315        834694.36438
2316        836900.28964
2317        839111.55364
2318        841328.16784
2319        843550.14373
2320        845777.49282
2321        848010.22663
2322        850248.35672
2323        852491.89466
2324        854740.85204
2325        856995.24047
2326        859255.07159
2327        861520.35705
2328        863791.10852
2329        866067.33770
2330        868349.05631
2331        870636.27608
2332        872929.00878
2333        875227.26617
2334        877531.06008
2335        879840.40230
2336        882155.30469
2337        884475.77912
2338        886801.83746
2339        889133.49162
2340        891470.75353
2341        893813.63513
2342        896162.14841
2343        898516.30534
2344        900876.11794
2345        903241.59824
2346        905612.75829
2347        907989.61019
2348        910372.16601
2349        912760.43788
2350        915154.43794
2351        917554.17835
2352        919959.67129
2353        922370.92898
2354        924787.96363
2355        927210.78749
2356        929639.41284
2357        932073.85195
2358        934514.11716
2359        936960.22078
2360        939412.17518
2361        941869.99274
2362        944333.68585
2363        946803.26693
2364        949278.74844
2365        951760.14282
2366        954247.46258
2367        956740.72021
2368        959239.92826
2369        961745.09927
2370        964256.24581
2371        966773.38049
2372        969296.51592
2373        971825.66475
2374        974360.83963
2375        976902.05325
2376        979449.31831
2377        982002.64756
2378        984562.05374
2379        987127.54961
2380        989699.14799
2381        992276.86168
2382        994860.70353
2383        997450.68640
2384       1000046.82317
2385       1002649.12676
2386       1005257.61009
2387       1007872.28612
2388       1010493.16781
2389       1013120.26818
2390       1015753.60023
2391       1018393.17701
2392       1021039.01159
2393       1023691.11705
2394       1026349.50651
2395       1029014.19309
2396       1031685.18995
2397       1034362.51028
2398       1037046.16727
2399       1039736.17414
2400       1042432.54415
2401       1045135.29056
2402       1047844.42667
2403       1050559.96578
2404       1053281.92125
2405       1056010.30642
2406       1058745.13469
2407       1061486.41947
2408       1064234.17417
2409       1066988.41226
2410       1069749.14721
2411       1072516.39252
2412       1075290.16172
2413       1078070.46834
2414       1080857.32597
2415       1083650.74818
2416       1086450.74860
2417       1089257.34087
2418       1092070.53864
2419       1094890.35561
2420       1097716.80547
2421       1100549.90197
2422       1103389.65886
2423       1106236.08992
2424       1109089.20895
2425       1111949.02977
2426       1114815.56624
2427       1117688.83223
2428       1120568.84163
2429       1123455.60838
2430       1126349.14639
2431       1129249.46966
2432       1132156.59217
2433       1135070.52792
2434       1137991.29098
2435       1140918.89538
2436       1143853.35523
2437       1146794.68462
2438       1149742.89771
2439       1152698.00863
2440       1155660.03158
2441       1158628.98076
2442       1161604.87040
2443       1164587.71476
2444       1167577.52810
2445       1170574.32474
2446       1173578.11900
2447       1176588.92523
2448       1179606.75780
2449       1182631.63112
2450       1185663.55960
2451       1188702.55768
2452       1191748.63986
2453       1194801.82061
2454       1197862.11445
2455       1200929.53594
2456       1204004.09964
2457       1207085.82014
2458       1210174.71206
2459       1213270.79004
2460       1216374.06874
2461       1219484.56287
2462       1222602.28713
2463       1225727.25626
2464       1228859.48502
2465       1231998.98821
2466       1235145.78064
2467       1238299.87715
2468       1241461.29260
2469       1244630.04188
2470       1247806.13989
2471       1250989.60159
2472       1254180.44192
2473       1257378.67588
2474       1260584.31848
2475       1263797.38475
2476       1267017.88976
2477       1270245.84859
2478       1273481.27636
2479       1276724.18820
2480       1279974.59927
2481       1283232.52476
2482       1286497.97988
2483       1289770.97987
2484       1293051.53999
2485       1296339.67552
2486       1299635.40179
2487       1302938.73412
2488       1306249.68788
2489       1309568.27847
2490       1312894.52128
2491       1316228.43177
2492       1319570.02539
2493       1322919.31764
2494       1326276.32402
2495       1329641.06009
2496       1333013.54141
2497       1336393.78356
2498       1339781.80218
2499       1343177.61289
2500       1346581.23136