   1             8.13679
   2             9.20788
   3            11.85278
   4            14.93984
   5            18.32290
   6            21.95373
   7            25.80487
   8            29.85728
   9            34.09756
  10            38.51666
  11            43.10878
  12            47.87037
  13            52.79935
  14            57.89446
  15            63.15480
  16            68.57955
  17            74.16779
  18            79.91843
  19            85.83010
  20            91.90122
  21            98.12994
  22           104.51426
  23           111.05197
  24           117.74076
  25           124.57822
  26           131.56186
  27           138.68918
  28           145.95764
  29           153.36473
  30           160.90796
  31           168.58489
  32           176.39313
  33           184.33033
  34           192.39424
  35           200.58266
  36           208.89347
  37           217.32463
  38           225.87418
  39           234.54022
  40           243.32093
  41           252.21459
  42           261.21952
  43           270.33411
  44           279.55685
  45           288.88624
  46           298.32090
  47           307.85946
  48           317.50063
  49           327.24316
  50           337.08587
  51           347.02760
  52           357.06725
  53           367.20375
  54           377.43609
  55           387.76328
  56           398.18437
  57           408.69844
  58           419.30461
  59           430.00202
  60           440.78984
  61           451.66727
  62           462.63353
  63           473.68786
  64           484.82954
  65           496.05785
  66           507.37211
  67           518.77163
  68           530.25576
  69           541.82387
  70           553.47534
  71           565.20955
  72           577.02592
  73           588.92388
  74           600.90284
  75           612.96228
  76           625.10163
  77           637.32039
  78           649.61802
  79           661.99404
  80           674.44794
  81           686.97923
  82           699.58744
  83           712.27211
  84           725.03278
  85           737.86900
  86           750.78033
  87           763.76634
  88           776.82659
  89           789.96069
  90           803.16821
  91           816.44875
  92           829.80193
  93           843.22734
  94           856.72460
  95           870.29335
  96           883.93320
  97           897.64380
  98           911.42478
  99           925.27580
 100           939.19650
 101           953.18655
 102           967.24560
 103           981.37332
 104           995.56939
 105          1009.83350
 106          1024.16530
 107          1038.56450
 108          1053.03070
 109          1067.56380
 110          1082.16330
 111          1096.82910
 112          1111.56070
 113          1126.35790
 114          1141.22050
 115          1156.14810
 116          1171.14040
 117          1186.19730
 118          1201.31840
 119          1216.50350
 120          1231.75220
 121          1247.06450
 122          1262.43990
 123          1277.87820
 124          1293.37930
 125          1308.94280
 126          1324.56860
 127          1340.25630
 128          1356.00570
 129          1371.81670
 130          1387.68900
 131          1403.62230
 132          1419.61650
 133          1435.67130
 134          1451.78650
 135          1467.96200
 136          1484.19740
 137          1500.49260
 138          1516.84740
 139          1533.26160
 140          1549.73490
 141          1566.26730
 142          1582.85850
 143          1599.50830
 144          1616.21660
 145          1632.98310
 146          1649.80760
 147          1666.69010
 148          1683.63030
 149          1700.62810
 150          1717.68320
 151          1734.79560
 152          1751.96510
 153          1769.19140
 154          1786.47450
 155          1803.81420
 156          1821.21040
 157          1838.66280
 158          1856.17140
 159          1873.73610
 160          1891.35660
 161          1909.03290
 162          1926.76470
 163          1944.55210
 164          1962.39480
 165          1980.29280
 166          1998.24580
 167          2016.25390
 168          2034.31680
 169          2052.43450
 170          2070.60690
 171          2088.83380
 172          2107.11520
 173          2125.45090
 174          2143.84090
 175          2162.28510
 176          2180.78330
 177          2199.33550
 178          2217.94160
 179          2236.60150
 180          2255.31520
 181          2274.08250
 182          2292.90350
 183          2311.77790
 184          2330.70580
 185          2349.68710
 186          2368.72180
 187          2387.80970
 188          2406.95080
 189          2426.14510
 190          2445.39260
 191          2464.69310
 192          2484.04660
 193          2503.45320
 194          2522.91270
 195          2542.42520
 196          2561.99060
 197          2581.60890
 198          2601.28000
 199          2621.00390
 200          2640.78070
 201          2660.61030
 202          2680.49280
 203          2700.42800
 204          2720.41600
 205          2740.45680
 206          2760.55040
 207          2780.69680
 208          2800.89600
 209          2821.14800
 210          2841.45290
 211          2861.81070
 212          2882.22130
 213          2902.68480
 214          2923.20130
 215          2943.77080
 216          2964.39330
 217          2985.06880
 218          3005.79740
 219          3026.57910
 220          3047.41410
 221          3068.30220
 222          3089.24370
 223          3110.23850
 224          3131.28670
 225          3152.38830
 226          3173.54360
 227          3194.75240
 228          3216.01490
 229          3237.33110
 230          3258.70120
 231          3280.12520
 232          3301.60320
 233          3323.13540
 234          3344.72170
 235          3366.36230
 236          3388.05720
 237          3409.80670
 238          3431.61070
 239          3453.46940
 240          3475.38300
 241          3497.35140
 242          3519.37490
 243          3541.45360
 244          3563.58750
 245          3585.77680
 246          3608.02170
 247          3630.32220
 248          3652.67860
 249          3675.09080
 250          3697.55920
 251          3720.08370
 252          3742.66460
 253          3765.30210
 254          3787.99620
 255          3810.74710
 256          3833.55500
 257          3856.42010
 258          3879.34240
 259          3902.32220
 260          3925.35970
 261          3948.45500
 262          3971.60820
 263          3994.81970
 264          4018.08940
 265          4041.41770
 266          4064.80470
 267          4088.25060
 268          4111.75570
 269          4135.31990
 270          4158.94370
 271          4182.62720
 272          4206.37050
 273          4230.17390
 274          4254.03770
 275          4277.96190
 276          4301.94680
 277          4325.99270
 278          4350.09980
 279          4374.26820
 280          4398.49810
 281          4422.79000
 282          4447.14380
 283          4471.55990
 284          4496.03860
 285          4520.58000
 286          4545.18430
 287          4569.85190
 288          4594.58290
 289          4619.37770
 290          4644.23640
 291          4669.15930
 292          4694.14670
 293          4719.19870
 294          4744.31580
 295          4769.49800
 296          4794.74580
 297          4820.05930
 298          4845.43880
 299          4870.88460
 300          4896.39690
 301          4921.97610
 302          4947.62240
 303          4973.33600
 304          4999.11730
 305          5024.96660
 306          5050.88400
 307          5076.87000
 308          5102.92480
 309          5129.04860
 310          5155.24190
 311          5181.50480
 312          5207.83770
 313          5234.24080
 314          5260.71450
 315          5287.25910
 316          5313.87480
 317          5340.56200
 318          5367.32110
 319          5394.15220
 320          5421.05570
 321          5448.03200
 322          5475.08130
 323          5502.20390
 324          5529.40030
 325          5556.67060
 326          5584.01530
 327          5611.43470
 328          5638.92900
 329          5666.49870
 330          5694.14400
 331          5721.86520
 332          5749.66280
 333          5777.53710
 334          5805.48830
 335          5833.51690
 336          5861.62320
 337          5889.80750
 338          5918.07020
 339          5946.41160
 340          5974.83210
 341          6003.33200
 342          6031.91170
 343          6060.57150
 344          6089.31180
 345          6118.13300
 346          6147.03540
 347          6176.01940
 348          6205.08530
 349          6234.23350
 350          6263.46440
 351          6292.77840
 352          6322.17580
 353          6351.65700
 354          6381.22230
 355          6410.87230
 356          6440.60710
 357          6470.42730
 358          6500.33310
 359          6530.32500
 360          6560.40340
 361          6590.56860
 362          6620.82110
 363          6651.16120
 364          6681.58930
 365          6712.10590
 366          6742.71120
 367          6773.40580
 368          6804.18990
 369          6835.06410
 370          6866.02870
 371          6897.08410
 372          6928.23070
 373          6959.46890
 374          6990.79920
 375          7022.22190
 376          7053.73750
 377          7085.34630
 378          7117.04880
 379          7148.84550
 380          7180.73660
 381          7212.72270
 382          7244.80410
 383          7276.98140
 384          7309.25480
 385          7341.62490
 386          7374.09200
 387          7406.65660
 388          7439.31910
 389          7472.08000
 390          7504.93970
 391          7537.89860
 392          7570.95720
 393          7604.11590
 394          7637.37510
 395          7670.73520
 396          7704.19680
 397          7737.76030
 398          7771.42610
 399          7805.19470
 400          7839.06640
 401          7873.04180
 402          7907.12140
 403          7941.30550
 404          7975.59460
 405          8009.98930
 406          8044.48980
 407          8079.09680
 408          8113.81060
 409          8148.63180
 410          8183.56070
 411          8218.59790
 412          8253.74380
 413          8288.99900
 414          8324.36380
 415          8359.83870
 416          8395.42420
 417          8431.12090
 418          8466.92910
 419          8502.84930
 420          8538.88210
 421          8575.02790
 422          8611.28720
 423          8647.66050
 424          8684.14820
 425          8720.75080
 426          8757.46900
 427          8794.30300
 428          8831.25350
 429          8868.32090
 430          8905.50570
 431          8942.80840
 432          8980.22960
 433          9017.76960
 434          9055.42910
 435          9093.20850
 436          9131.10830
 437          9169.12910
 438          9207.27130
 439          9245.53540
 440          9283.92200
 441          9322.43160
 442          9361.06470
 443          9399.82180
 444          9438.70340
 445          9477.71010
 446          9516.84230
 447          9556.10070
 448          9595.48560
 449          9634.99770
 450          9674.63750
 451          9714.40550
 452          9754.30220
 453          9794.32810
 454          9834.48390
 455          9874.77000
 456          9915.18700
 457          9955.73530
 458          9996.41570
 459         10037.22900
 460         10078.17400
 461         10119.25400
 462         10160.46700
 463         10201.81600
 464         10243.29900
 465         10284.91900
 466         10326.67400
 467         10368.56700
 468         10410.59700
 469         10452.76500
 470         10495.07100
 471         10537.51700
 472         10580.10300
 473         10622.82800
 474         10665.69500
 475         10708.70300
 476         10751.85300
 477         10795.14500
 478         10838.58100
 479         10882.16000
 480         10925.88400
 481         10969.75200
 482         11013.76600
 483         11057.92600
 484         11102.23300
 485         11146.68700
 486         11191.28800
 487         11236.03800
 488         11280.93700
 489         11325.98600
 490         11371.18400
 491         11416.53400
 492         11462.03500
 493         11507.68700
 494         11553.49300
 495         11599.45100
 496         11645.56400
 497         11691.83000
 498         11738.25200
 499         11784.82900
 500         11831.56300
 501         11878.45300
 502         11925.50100
 503         11972.70700
 504         12020.07200
 505         12067.59600
 506         12115.27900
 507         12163.12400
 508         12211.13000
 509         12259.29700
 510         12307.62700
 511         12356.12100
 512         12404.77700
 513         12453.59900
 514         12502.58500
 515         12551.73700
 516         12601.05500
 517         12650.54100
 518         12700.19400
 519         12750.01500
 520         12800.00500
 521         12850.16500
 522         12900.49500
 523         12950.99600
 524         13001.66800
 525         13052.51200
 526         13103.53000
 527         13154.72100
 528         13206.08600
 529         13257.62600
 530         13309.34200
 531         13361.23400
 532         13413.30300
 533         13465.54900
 534         13517.97400
 535         13570.57800
 536         13623.36100
 537         13676.32500
 538         13729.46900
 539         13782.79600
 540         13836.30500
 541         13889.99700
 542         13943.87200
 543         13997.93300
 544         14052.17800
 545         14106.60900
 546         14161.22700
 547         14216.03300
 548         14271.02600
 549         14326.20800
 550         14381.58000
 551         14437.14100
 552         14492.89400
 553         14548.83800
 554         14604.97500
 555         14661.30500
 556         14717.82800
 557         14774.54600
 558         14831.46000
 559         14888.56900
 560         14945.87500
 561         15003.37900
 562         15061.08100
 563         15118.98100
 564         15177.08200
 565         15235.38300
 566         15293.88500
 567         15352.59000
 568         15411.49600
 569         15470.60700
 570         15529.92200
 571         15589.44100
 572         15649.16700
 573         15709.09900
 574         15769.23800
 575         15829.58600
 576         15890.14200
 577         15950.90800
 578         16011.88500
 579         16073.07300
 580         16134.47200
 581         16196.08500
 582         16257.91100
 583         16319.95100
 584         16382.20700
 585         16444.67800
 586         16507.36700
 587         16570.27300
 588         16633.39700
 589         16696.74000
 590         16760.30400
 591         16824.08800
 592         16888.09400
 593         16952.32200
 594         17016.77400
 595         17081.44900
 596         17146.35000
 597         17211.47600
 598         17276.82900
 599         17342.40900
 600         17408.21800
 601         17474.25500
 602         17540.52300
 603         17607.02100
 604         17673.75100
 605         17740.71300
 606         17807.90800
 607         17875.33800
 608         17943.00300
 609         18010.90300
 610         18079.04100
 611         18147.41500
 612         18216.02900
 613         18284.88100
 614         18353.97400
 615         18423.30800
 616         18492.88400
 617         18562.70300
 618         18632.76500
 619         18703.07300
 620         18773.62500
 621         18844.42400
 622         18915.47000
 623         18986.76500
 624         19058.30800
 625         19130.10200
 626         19202.14600
 627         19274.44300
 628         19346.99200
 629         19419.79400
 630         19492.85100
 631         19566.16400
 632         19639.73300
 633         19713.55900
 634         19787.64400
 635         19861.98800
 636         19936.59200
 637         20011.45700
 638         20086.58400
 639         20161.97300
 640         20237.62700
 641         20313.54600
 642         20389.73000
 643         20466.18100
 644         20542.90000
 645         20619.88800
 646         20697.14500
 647         20774.67300
 648         20852.47200
 649         20930.54400
 650         21008.88900
 651         21087.50900
 652         21166.40500
 653         21245.57700
 654         21325.02600
 655         21404.75400
 656         21484.76100
 657         21565.04900
 658         21645.61800
 659         21726.47000
 660         21807.60500
 661         21889.02400
 662         21970.72900
 663         22052.72100
 664         22135.00000
 665         22217.56800
 666         22300.42500
 667         22383.57300
 668         22467.01200
 669         22550.74500
 670         22634.77100
 671         22719.09100
 672         22803.70800
 673         22888.62100
 674         22973.83300
 675         23059.34300
 676         23145.15300
 677         23231.26500
 678         23317.67900
 679         23404.39600
 680         23491.41700
 681         23578.74300
 682         23666.37700
 683         23754.31700
 684         23842.56700
 685         23931.12600
 686         24019.99500
 687         24109.17700
 688         24198.67200
 689         24288.48100
 690         24378.60500
 691         24469.04600
 692         24559.80400
 693         24650.88100
 694         24742.27700
 695         24833.99500
 696         24926.03400
 697         25018.39600
 698         25111.08300
 699         25204.09500
 700         25297.43300
 701         25391.09900
 702         25485.09400
 703         25579.41900
 704         25674.07500
 705         25769.06400
 706         25864.38500
 707         25960.04200
 708         26056.03400
 709         26152.36400
 710         26249.03100
 711         26346.03800
 712         26443.38500
 713         26541.07400
 714         26639.10600
 715         26737.48200
 716         26836.20400
 717         26935.27200
 718         27034.68700
 719         27134.45200
 720         27234.56700
 721         27335.03300
 722         27435.85200
 723         27537.02500
 724         27638.55300
 725         27740.43700
 726         27842.67800
 727         27945.27900
 728         28048.24000
 729         28151.56100
 730         28255.24600
 731         28359.29400
 732         28463.70800
 733         28568.48700
 734         28673.63500
 735         28779.15100
 736         28885.03700
 737         28991.29500
 738         29097.92600
 739         29204.93100
 740         29312.31100
 741         29420.06800
 742         29528.20300
 743         29636.71700
 744         29745.61200
 745         29854.88800
 746         29964.54800
 747         30074.59200
 748         30185.02200
 749         30295.84000
 750         30407.04600
 751         30518.64200
 752         30630.62900
 753         30743.00900
 754         30855.78300
 755         30968.95200
 756         31082.51700
 757         31196.48100
 758         31310.84400
 759         31425.60800
 760         31540.77400
 761         31656.34400
 762         31772.31900
 763         31888.70000
 764         32005.48800
 765         32122.68600
 766         32240.29500
 767         32358.31500
 768         32476.74900
 769         32595.59800
 770         32714.86300
 771         32834.54500
 772         32954.64700
 773         33075.16900
 774         33196.11300
 775         33317.48000
 776         33439.27300
 777         33561.49100
 778         33684.13800
 779         33807.21400
 780         33930.72000
 781         34054.65900
 782         34179.03100
 783         34303.83900
 784         34429.08300
 785         34554.76500
 786         34680.88700
 787         34807.45000
 788         34934.45600
 789         35061.90600
 790         35189.80200
 791         35318.14500
 792         35446.93600
 793         35576.17800
 794         35705.87200
 795         35836.01900
 796         35966.62100
 797         36097.67900
 798         36229.19500
 799         36361.17100
 800         36493.60800
 801         36626.50800
 802         36759.87200
 803         36893.70100
 804         37027.99900
 805         37162.76500
 806         37298.00200
 807         37433.71100
 808         37569.89300
 809         37706.55200
 810         37843.68700
 811         37981.30100
 812         38119.39500
 813         38257.97100
 814         38397.03100
 815         38536.57600
 816         38676.60700
 817         38817.12800
 818         38958.13800
 819         39099.64000
 820         39241.63600
 821         39384.12600
 822         39527.11400
 823         39670.60000
 824         39814.58600
 825         39959.07400
 826         40104.06500
 827         40249.56200
 828         40395.56600
 829         40542.07900
 830         40689.10100
 831         40836.63600
 832         40984.68500
 833         41133.25000
 834         41282.33200
 835         41431.93200
 836         41582.05400
 837         41732.69800
 838         41883.86700
 839         42035.56100
 840         42187.78400
 841         42340.53600
 842         42493.82000
 843         42647.63700
 844         42801.98800
 845         42956.87700
 846         43112.30400
 847         43268.27200
 848         43424.78200
 849         43581.83600
 850         43739.43600
 851         43897.58300
 852         44056.28000
 853         44215.52900
 854         44375.33100
 855         44535.68800
 856         44696.60200
 857         44858.07400
 858         45020.10800
 859         45182.70400
 860         45345.86500
 861         45509.59100
 862         45673.88700
 863         45838.75200
 864         46004.18900
 865         46170.20100
 866         46336.78800
 867         46503.95300
 868         46671.69800
 869         46840.02500
 870         47008.93500
 871         47178.43100
 872         47348.51400
 873         47519.18700
 874         47690.45100
 875         47862.30900
 876         48034.76200
 877         48207.81300
 878         48381.46300
 879         48555.71400
 880         48730.56900
 881         48906.02900
 882         49082.09700
 883         49258.77400
 884         49436.06200
 885         49613.96500
 886         49792.48200
 887         49971.61700
 888         50151.37200
 889         50331.74900
 890         50512.74900
 891         50694.37600
 892         50876.63000
 893         51059.51400
 894         51243.03000
 895         51427.18100
 896         51611.96800
 897         51797.39300
 898         51983.45900
 899         52170.16700
 900         52357.52000
 901         52545.52000
 902         52734.17000
 903         52923.47000
 904         53113.42400
 905         53304.03300
 906         53495.30000
 907         53687.22700
 908         53879.81600
 909         54073.06900
 910         54266.98900
 911         54461.57700
 912         54656.83600
 913         54852.76900
 914         55049.37600
 915         55246.66100
 916         55444.62600
 917         55643.27300
 918         55842.60400
 919         56042.62200
 920         56243.32800
 921         56444.72600
 922         56646.81600
 923         56849.60300
 924         57053.08700
 925         57257.27100
 926         57462.15800
 927         57667.75000
 928         57874.04900
 929         58081.05700
 930         58288.77800
 931         58497.21200
 932         58706.36300
 933         58916.23200
 934         59126.82300
 935         59338.13700
 936         59550.17800
 937         59762.94600
 938         59976.44600
 939         60190.67800
 940         60405.64600
 941         60621.35200
 942         60837.79800
 943         61054.98700
 944         61272.92100
 945         61491.60300
 946         61711.03500
 947         61931.21900
 948         62152.15900
 949         62373.85600
 950         62596.31300
 951         62819.53200
 952         63043.51600
 953         63268.26800
 954         63493.79000
 955         63720.08400
 956         63947.15300
 957         64175.00000
 958         64403.62700
 959         64633.03600
 960         64863.23000
 961         65094.21300
 962         65325.98500
 963         65558.55000
 964         65791.91100
 965         66026.07000
 966         66261.03000
 967         66496.79200
 968         66733.36100
 969         66970.73800
 970         67208.92600
 971         67447.92800
 972         67687.74700
 973         67928.38400
 974         68169.84300
 975         68412.12700
 976         68655.23700
 977         68899.17800
 978         69143.95100
 979         69389.55900
 980         69636.00500
 981         69883.29100
 982         70131.42100
 983         70380.39700
 984         70630.22200
 985         70880.89800
 986         71132.42900
 987         71384.81600
 988         71638.06400
 989         71892.17400
 990         72147.14900
 991         72402.99300
 992         72659.70800
 993         72917.29700
 994         73175.76200
 995         73435.10700
 996         73695.33500
 997         73956.44700
 998         74218.44800
 999         74481.34000
1000         74745.12500
1001         75009.80700
1002         75275.38900
1003         75541.87300
1004         75809.26300
1005         76077.56100
1006         76346.77100
1007         76616.89400
1008         76887.93500
1009         77159.89600
1010         77432.78000
1011         77706.59000
1012         77981.32900
1013         78257.00100
1014         78533.60700
1015         78811.15100
1016         79089.63600
1017         79369.06600
1018         79649.44200
1019         79930.76900
1020         80213.04900
1021         80496.28500
1022         80780.48100
1023         81065.63900
1024         81351.76200
1025         81638.85400
1026         81926.91800
1027         82215.95700
1028         82505.97400
1029         82796.97200
1030         83088.95400
1031         83381.92300
1032         83675.88300
1033         83970.83700
1034         84266.78800
1035         84563.73900
1036         84861.69300
1037         85160.65400
1038         85460.62500
1039         85761.60800
1040         86063.60800
1041         86366.62700
1042         86670.66900
1043         86975.73700
1044         87281.83500
1045         87588.96400
1046         87897.13000
1047         88206.33500
1048         88516.58200
1049         88827.87500
1050         89140.21800
1051         89453.61300
1052         89768.06300
1053         90083.57300
1054         90400.14500
1055         90717.78400
1056         91036.49200
1057         91356.27200
1058         91677.12900
1059         91999.06500
1060         92322.08500
1061         92646.19100
1062         92971.38600
1063         93297.67600
1064         93625.06200
1065         93953.54800
1066         94283.13800
1067         94613.83600
1068         94945.64500
1069         95278.56800
1070         95612.60900
1071         95947.77100
1072         96284.05900
1073         96621.47500
1074         96960.02300
1075         97299.70700
1076         97640.53000
1077         97982.49700
1078         98325.61000
1079         98669.87300
1080         99015.29000
1081         99361.86500
1082         99709.60100
1083        100058.50000
1084        100408.57000
1085        100759.81000
1086        101112.23000
1087        101465.83000
1088        101820.61000
1089        102176.58000
1090        102533.73000
1091        102892.09000
1092        103251.64000
1093        103612.39000
1094        103974.35000
1095        104337.52000
1096        104701.90000
1097        105067.51000
1098        105434.33000
1099        105802.37000
1100        106171.65000
1101        106542.16000
1102        106913.90000
1103        107286.89000
1104        107661.12000
1105        108036.60000
1106        108413.33000
1107        108791.32000
1108        109170.57000
1109        109551.08000
1110        109932.86000
1111        110315.91000
1112        110700.24000
1113        111085.85000
1114        111472.74000
1115        111860.92000
1116        112250.39000
1117        112641.16000
1118        113033.23000
1119        113426.60000
1120        113821.29000
1121        114217.28000
1122        114614.59000
1123        115013.23000
1124        115413.18000
1125        115814.47000
1126        116217.09000
1127        116621.05000
1128        117026.35000
1129        117432.99000
1130        117840.99000
1131        118250.34000
1132        118661.04000
1133        119073.11000
1134        119486.55000
1135        119901.36000
1136        120317.54000
1137        120735.11000
1138        121154.05000
1139        121574.39000
1140        121996.12000
1141        122419.24000
1142        122843.77000
1143        123269.70000
1144        123697.05000
1145        124125.81000
1146        124555.98000
1147        124987.58000
1148        125420.61000
1149        125855.07000
1150        126290.97000
1151        126728.31000
1152        127167.09000
1153        127607.32000
1154        128049.01000
1155        128492.16000
1156        128936.77000
1157        129382.85000
1158        129830.40000
1159        130279.43000
1160        130729.94000
1161        131181.94000
1162        131635.43000
1163        132090.42000
1164        132546.90000
1165        133004.89000
1166        133464.39000
1167        133925.41000
1168        134387.94000
1169        134852.00000
1170        135317.58000
1171        135784.70000
1172        136253.36000
1173        136723.56000
1174        137195.31000
1175        137668.60000
1176        138143.46000
1177        138619.88000
1178        139097.86000
1179        139577.42000
1180        140058.55000
1181        140541.27000
1182        141025.57000
1183        141511.46000
1184        141998.94000
1185        142488.03000
1186        142978.72000
1187        143471.03000
1188        143964.95000
1189        144460.49000
1190        144957.65000
1191        145456.45000
1192        145956.88000
1193        146458.95000
1194        146962.67000
1195        147468.04000
1196        147975.06000
1197        148483.75000
1198        148994.10000
1199        149506.12000
1200        150019.82000
1201        150535.20000
1202        151052.26000
1203        151571.02000
1204        152091.48000
1205        152613.63000
1206        153137.50000
1207        153663.07000
1208        154190.37000
1209        154719.38000
1210        155250.13000
1211        155782.61000
1212        156316.83000
1213        156852.79000
1214        157390.50000
1215        157929.97000
1216        158471.19000
1217        159014.19000
1218        159558.95000
1219        160105.49000
1220        160653.81000
1221        161203.92000
1222        161755.82000
1223        162309.52000
1224        162865.03000
1225        163422.34000
1226        163981.47000
1227        164542.41000
1228        165105.19000
1229        165669.79000
1230        166236.23000
1231        166804.52000
1232        167374.65000
1233        167946.64000
1234        168520.48000
1235        169096.19000
1236        169673.77000
1237        170253.23000
1238        170834.57000
1239        171417.80000
1240        172002.92000
1241        172589.94000
1242        173178.86000
1243        173769.70000
1244        174362.45000
1245        174957.13000
1246        175553.73000
1247        176152.27000
1248        176752.75000
1249        177355.17000
1250        177959.54000
1251        178565.88000
1252        179174.17000
1253        179784.44000
1254        180396.68000
1255        181010.90000
1256        181627.11000
1257        182245.32000
1258        182865.52000
1259        183487.73000
1260        184111.95000
1261        184738.19000
1262        185366.45000
1263        185996.74000
1264        186629.07000
1265        187263.44000
1266        187899.85000
1267        188538.33000
1268        189178.86000
1269        189821.46000
1270        190466.13000
1271        191112.88000
1272        191761.72000
1273        192412.65000
1274        193065.68000
1275        193720.81000
1276        194378.05000
1277        195037.41000
1278        195698.90000
1279        196362.51000
1280        197028.26000
1281        197696.15000
1282        198366.19000
1283        199038.39000
1284        199712.75000
1285        200389.28000
1286        201067.98000
1287        201748.87000
1288        202431.94000
1289        203117.21000
1290        203804.67000
1291        204494.35000
1292        205186.24000
1293        205880.35000
1294        206576.69000
1295        207275.27000
1296        207976.08000
1297        208679.15000
1298        209384.46000
1299        210092.04000
1300        210801.89000
1301        211514.01000
1302        212228.41000
1303        212945.11000
1304        213664.09000
1305        214385.38000
1306        215108.98000
1307        215834.89000
1308        216563.13000
1309        217293.70000
1310        218026.60000
1311        218761.85000
1312        219499.44000
1313        220239.40000
1314        220981.72000
1315        221726.41000
1316        222473.48000
1317        223222.93000
1318        223974.78000
1319        224729.03000
1320        225485.68000
1321        226244.75000
1322        227006.24000
1323        227770.16000
1324        228536.52000
1325        229305.32000
1326        230076.57000
1327        230850.27000
1328        231626.44000
1329        232405.09000
1330        233186.21000
1331        233969.82000
1332        234755.92000
1333        235544.53000
1334        236335.64000
1335        237129.27000
1336        237925.43000
1337        238724.11000
1338        239525.34000
1339        240329.11000
1340        241135.43000
1341        241944.32000
1342        242755.78000
1343        243569.81000
1344        244386.43000
1345        245205.63000
1346        246027.44000
1347        246851.86000
1348        247678.89000
1349        248508.54000
1350        249340.82000
1351        250175.74000
1352        251013.31000
1353        251853.53000
1354        252696.41000
1355        253541.96000
1356        254390.19000
1357        255241.10000
1358        256094.70000
1359        256951.01000
1360        257810.03000
1361        258671.76000
1362        259536.21000
1363        260403.40000
1364        261273.33000
1365        262146.01000
1366        263021.45000
1367        263899.65000
1368        264780.62000
1369        265664.38000
1370        266550.92000
1371        267440.26000
1372        268332.41000
1373        269227.37000
1374        270125.15000
1375        271025.76000
1376        271929.22000
1377        272835.52000
1378        273744.67000
1379        274656.69000
1380        275571.58000
1381        276489.35000
1382        277410.01000
1383        278333.56000
1384        279260.03000
1385        280189.40000
1386        281121.70000
1387        282056.93000
1388        282995.11000
1389        283936.22000
1390        284880.30000
1391        285827.34000
1392        286777.36000
1393        287730.36000
1394        288686.35000
1395        289645.34000
1396        290607.34000
1397        291572.36000
1398        292540.40000
1399        293511.48000
1400        294485.60000
1401        295462.78000
1402        296443.02000
1403        297426.33000
1404        298412.72000
1405        299402.20000
1406        300394.77000
1407        301390.45000
1408        302389.25000
1409        303391.18000
1410        304396.23000
1411        305404.43000
1412        306415.78000
1413        307430.30000
1414        308447.98000
1415        309468.84000
1416        310492.89000
1417        311520.14000
1418        312550.60000
1419        313584.27000
1420        314621.17000
1421        315661.30000
1422        316704.68000
1423        317751.31000
1424        318801.20000
1425        319854.37000
1426        320910.81000
1427        321970.55000
1428        323033.59000
1429        324099.95000
1430        325169.62000
1431        326242.62000
1432        327318.96000
1433        328398.65000
1434        329481.69000
1435        330568.11000
1436        331657.90000
1437        332751.08000
1438        333847.66000
1439        334947.64000
1440        336051.04000
1441        337157.87000
1442        338268.14000
1443        339381.85000
1444        340499.02000
1445        341619.65000
1446        342743.76000
1447        343871.35000
1448        345002.44000
1449        346137.04000
1450        347275.16000
1451        348416.79000
1452        349561.97000
1453        350710.69000
1454        351862.97000
1455        353018.82000
1456        354178.24000
1457        355341.25000
1458        356507.86000
1459        357678.07000
1460        358851.91000
1461        360029.37000
1462        361210.47000
1463        362395.22000
1464        363583.63000
1465        364775.71000
1466        365971.47000
1467        367170.92000
1468        368374.07000
1469        369580.94000
1470        370791.52000
1471        372005.84000
1472        373223.91000
1473        374445.73000
1474        375671.31000
1475        376900.67000
1476        378133.82000
1477        379370.76000
1478        380611.51000
1479        381856.08000
1480        383104.48000
1481        384356.73000
1482        385612.82000
1483        386872.78000
1484        388136.61000
1485        389404.32000
1486        390675.93000
1487        391951.45000
1488        393230.88000
1489        394514.25000
1490        395801.55000
1491        397092.80000
1492        398388.02000
1493        399687.21000
1494        400990.39000
1495        402297.56000
1496        403608.74000
1497        404923.93000
1498        406243.16000
1499        407566.43000
1500        408893.75000
1501        410225.14000
1502        411560.60000
1503        412900.15000
1504        414243.79000
1505        415591.55000
1506        416943.43000
1507        418299.45000
1508        419659.60000
1509        421023.92000
1510        422392.40000
1511        423765.07000
1512        425141.92000
1513        426522.98000
1514        427908.26000
1515        429297.76000
1516        430691.51000
1517        432089.50000
1518        433491.76000
1519        434898.29000
1520        436309.11000
1521        437724.23000
1522        439143.66000
1523        440567.42000
1524        441995.51000
1525        443427.95000
1526        444864.75000
1527        446305.92000
1528        447751.47000
1529        449201.42000
1530        450655.78000
1531        452114.56000
1532        453577.78000
1533        455045.44000
1534        456517.56000
1535        457994.15000
1536        459475.23000
1537        460960.80000
1538        462450.88000
1539        463945.48000
1540        465444.61000
1541        466948.29000
1542        468456.53000
1543        469969.34000
1544        471486.74000
1545        473008.73000
1546        474535.34000
1547        476066.56000
1548        477602.43000
1549        479142.94000
1550        480688.11000
1551        482237.96000
1552        483792.49000
1553        485351.73000
1554        486915.68000
1555        488484.36000
1556        490057.77000
1557        491635.94000
1558        493218.88000
1559        494806.60000
1560        496399.10000
1561        497996.42000
1562        499598.55000
1563        501205.52000
1564        502817.34000
1565        504434.01000
1566        506055.55000
1567        507681.99000
1568        509313.32000
1569        510949.57000
1570        512590.74000
1571        514236.86000
1572        515887.92000
1573        517543.96000
1574        519204.98000
1575        520871.00000
1576        522542.02000
1577        524218.07000
1578        525899.15000
1579        527585.29000
1580        529276.49000
1581        530972.77000
1582        532674.14000
1583        534380.62000
1584        536092.23000
1585        537808.96000
1586        539530.85000
1587        541257.90000
1588        542990.12000
1589        544727.54000
1590        546470.17000
1591        548218.01000
1592        549971.09000
1593        551729.42000
1594        553493.01000
1595        555261.88000
1596        557036.04000
1597        558815.51000
1598        560600.31000
1599        562390.43000
1600        564185.91000
1601        565986.76000
1602        567792.98000
1603        569604.60000
1604        571421.63000
1605        573244.08000
1606        575071.97000
1607        576905.32000
1608        578744.13000
1609        580588.43000
1610        582438.23000
1611        584293.54000
1612        586154.38000
1613        588020.77000
1614        589892.71000
1615        591770.23000
1616        593653.34000
1617        595542.05000
1618        597436.38000
1619        599336.35000
1620        601241.97000
1621        603153.25000
1622        605070.22000
1623        606992.88000
1624        608921.26000
1625        610855.36000
1626        612795.21000
1627        614740.81000
1628        616692.20000
1629        618649.37000
1630        620612.34000
1631        622581.14000
1632        624555.78000
1633        626536.27000
1634        628522.63000
1635        630514.88000
1636        632513.03000
1637        634517.09000
1638        636527.09000
1639        638543.03000
1640        640564.95000
1641        642592.84000
1642        644626.73000
1643        646666.64000
1644        648712.57000
1645        650764.55000
1646        652822.60000
1647        654886.72000
1648        656956.94000
1649        659033.27000
1650        661115.73000
1651        663204.33000
1652        665299.10000
1653        667400.05000
1654        669507.18000
1655        671620.54000
1656        673740.11000
1657        675865.94000
1658        677998.02000
1659        680136.39000
1660        682281.05000
1661        684432.02000
1662        686589.32000
1663        688752.97000
1664        690922.98000
1665        693099.37000
1666        695282.16000
1667        697471.36000
1668        699667.00000
1669        701869.08000
1670        704077.63000
1671        706292.66000
1672        708514.20000
1673        710742.25000
1674        712976.84000
1675        715217.99000
1676        717465.70000
1677        719720.00000
1678        721980.91000
1679        724248.45000
1680        726522.62000
1681        728803.45000
1682        731090.96000
1683        733385.17000
1684        735686.08000
1685        737993.73000
1686        740308.13000
1687        742629.29000
1688        744957.24000
1689        747291.99000
1690        749633.56000
1691        751981.97000
1692        754337.23000
1693        756699.37000
1694        759068.41000
1695        761444.35000
1696        763827.23000
1697        766217.05000
1698        768613.84000
1699        771017.62000
1700        773428.40000
1701        775846.21000
1702        778271.05000
1703        780702.95000
1704        783141.94000
1705        785588.02000
1706        788041.21000
1707        790501.54000
1708        792969.03000
1709        795443.69000
1710        797925.54000
1711        800414.60000
1712        802910.88000
1713        805414.42000
1714        807925.23000
1715        810443.32000
1716        812968.72000
1717        815501.45000
1718        818041.52000
1719        820588.95000
1720        823143.77000
1721        825705.99000
1722        828275.63000
1723        830852.72000
1724        833437.27000
1725        836029.29000
1726        838628.82000
1727        841235.87000
1728        843850.47000
1729        846472.62000
1730        849102.35000
1731        851739.68000
1732        854384.63000
1733        857037.22000
1734        859697.48000
1735        862365.41000
1736        865041.04000
1737        867724.39000
1738        870415.48000
1739        873114.34000
1740        875820.97000
1741        878535.41000
1742        881257.67000
1743        883987.77000
1744        886725.73000
1745        889471.58000
1746        892225.33000
1747        894987.01000
1748        897756.63000
1749        900534.22000
1750        903319.79000
1751        906113.38000
1752        908914.99000
1753        911724.65000
1754        914542.38000
1755        917368.20000
1756        920202.13000
1757        923044.20000
1758        925894.43000
1759        928752.82000
1760        931619.42000
1761        934494.24000
1762        937377.29000
1763        940268.61000
1764        943168.20000
1765        946076.11000
1766        948992.34000
1767        951916.91000
1768        954849.86000
1769        957791.19000
1770        960740.94000
1771        963699.12000
1772        966665.76000
1773        969640.87000
1774        972624.49000
1775        975616.63000
1776        978617.31000
1777        981626.56000
1778        984644.39000
1779        987670.84000
1780        990705.91000
1781        993749.64000
1782        996802.05000
1783        999863.16000
1784       1002933.00000
1785       1006011.60000
1786       1009098.90000
1787       1012195.00000
1788       1015300.00000
1789       1018413.80000
1790       1021536.40000
1791       1024667.90000
1792       1027808.30000
1793       1030957.70000
1794       1034116.00000
1795       1037283.20000
1796       1040459.50000
1797       1043644.80000
1798       1046839.10000
1799       1050042.50000
1800       1053254.90000
1801       1056476.50000
1802       1059707.20000
1803       1062947.10000
1804       1066196.10000
1805       1069454.40000
1806       1072721.90000
1807       1075998.60000
1808       1079284.60000
1809       1082579.90000
1810       1085884.60000
1811       1089198.50000
1812       1092521.90000
1813       1095854.60000
1814       1099196.80000
1815       1102548.40000
1816       1105909.50000
1817       1109280.00000
1818       1112660.10000
1819       1116049.70000
1820       1119448.90000
1821       1122857.60000
1822       1126276.00000
1823       1129704.00000
1824       1133141.70000
1825       1136589.00000
1826       1140046.10000
1827       1143512.90000
1828       1146989.50000
1829       1150475.80000
1830       1153971.90000
1831       1157477.90000
1832       1160993.80000
1833       1164519.50000
1834       1168055.10000
1835       1171600.70000
1836       1175156.20000
1837       1178721.70000
1838       1182297.20000
1839       1185882.80000
1840       1189478.40000
1841       1193084.10000
1842       1196699.90000
1843       1200325.80000
1844       1203961.90000
1845       1207608.20000
1846       1211264.70000
1847       1214931.50000
1848       1218608.50000
1849       1222295.80000
1850       1225993.40000
1851       1229701.30000
1852       1233419.70000
1853       1237148.40000
1854       1240887.50000
1855       1244637.10000
1856       1248397.20000
1857       1252167.70000
1858       1255948.80000
1859       1259740.40000
1860       1263542.60000
1861       1267355.40000
1862       1271178.90000
1863       1275013.00000
1864       1278857.80000
1865       1282713.30000
1866       1286579.50000
1867       1290456.50000
1868       1294344.30000
1869       1298242.90000
1870       1302152.40000
1871       1306072.70000
1872       1310004.00000
1873       1313946.10000
1874       1317899.20000
1875       1321863.30000
1876       1325838.40000
1877       1329824.60000
1878       1333821.80000
1879       1337830.10000
1880       1341849.50000
1881       1345880.10000
1882       1349921.80000
1883       1353974.70000
1884       1358038.90000
1885       1362114.30000
1886       1366201.10000
1887       1370299.10000
1888       1374408.50000
1889       1378529.20000
1890       1382661.40000
1891       1386804.90000
1892       1390960.00000
1893       1395126.50000
1894       1399304.50000
1895       1403494.10000
1896       1407695.20000
1897       1411907.90000
1898       1416132.30000
1899       1420368.30000
1900       1424616.00000
1901       1428875.40000
1902       1433146.50000
1903       1437429.50000
1904       1441724.20000
1905       1446030.70000
1906       1450349.10000
1907       1454679.40000
1908       1459021.70000
1909       1463375.80000
1910       1467742.00000
1911       1472120.10000
1912       1476510.30000
1913       1480912.50000
1914       1485326.80000
1915       1489753.30000
1916       1494191.90000
1917       1498642.70000
1918       1503105.70000
1919       1507580.90000
1920       1512068.50000
1921       1516568.30000
1922       1521080.40000
1923       1525605.00000
1924       1530141.90000
1925       1534691.20000
1926       1539253.00000
1927       1543827.30000
1928       1548414.10000
1929       1553013.40000
1930       1557625.30000
1931       1562249.80000
1932       1566887.00000
1933       1571536.80000
1934       1576199.40000
1935       1580874.60000
1936       1585562.60000
1937       1590263.50000
1938       1594977.10000
1939       1599703.60000
1940       1604443.00000
1941       1609195.30000
1942       1613960.50000
1943       1618738.70000
1944       1623530.00000
1945       1628334.30000
1946       1633151.60000
1947       1637982.10000
1948       1642825.70000
1949       1647682.50000
1950       1652552.40000
1951       1657435.70000
1952       1662332.10000
1953       1667241.90000
1954       1672165.00000
1955       1677101.50000
1956       1682051.40000
1957       1687014.70000
1958       1691991.40000
1959       1696981.70000
1960       1701985.50000
1961       1707002.80000
1962       1712033.80000
1963       1717078.30000
1964       1722136.50000
1965       1727208.40000
1966       1732294.00000
1967       1737393.40000
1968       1742506.60000
1969       1747633.60000
1970       1752774.40000
1971       1757929.20000
1972       1763097.80000
1973       1768280.40000
1974       1773477.00000
1975       1778687.60000
1976       1783912.30000
1977       1789151.10000
1978       1794404.00000
1979       1799671.00000
1980       1804952.30000
1981       1810247.70000
1982       1815557.50000
1983       1820881.50000
1984       1826219.80000
1985       1831572.60000
1986       1836939.70000
1987       1842321.20000
1988       1847717.20000
1989       1853127.70000
1990       1858552.80000
1991       1863992.40000
1992       1869446.60000
1993       1874915.40000
1994       1880398.90000
1995       1885897.20000
1996       1891410.20000
1997       1896937.90000
1998       1902480.50000
1999       1908037.90000
2000       1913610.20000
2001       1919197.40000
2002       1924799.60000
2003       1930416.80000
2004       1936049.00000
2005       1941696.20000
2006       1947358.60000
2007       1953036.10000
2008       1958728.70000
2009       1964436.60000
2010       1970159.70000
2011       1975898.10000
2012       1981651.80000
2013       1987420.80000
2014       1993205.20000
2015       1999005.10000
2016       2004820.40000
2017       2010651.20000
2018       2016497.60000
2019       2022359.50000
2020       2028237.00000
2021       2034130.10000
2022       2040039.00000
2023       2045963.50000
2024       2051903.80000
2025       2057859.90000
2026       2063831.80000
2027       2069819.60000
2028       2075823.30000
2029       2081842.90000
2030       2087878.50000
2031       2093930.20000
2032       2099997.80000
2033       2106081.60000
2034       2112181.50000
2035       2118297.50000
2036       2124429.80000
2037       2130578.20000
2038       2136743.00000
2039       2142924.10000
2040       2149121.50000
2041       2155335.40000
2042       2161565.60000
2043       2167812.40000
2044       2174075.60000
2045       2180355.40000
2046       2186651.80000
2047       2192964.80000
2048       2199294.50000
2049       2205640.80000
2050       2212003.90000
2051       2218383.80000
2052       2224780.50000
2053       2231194.10000
2054       2237624.50000
2055       2244071.90000
2056       2250536.30000
2057       2257017.70000
2058       2263516.10000
2059       2270031.70000
2060       2276564.30000
2061       2283114.20000
2062       2289681.20000
2063       2296265.50000
2064       2302867.20000
2065       2309486.10000
2066       2316122.40000
2067       2322776.10000
2068       2329447.30000
2069       2336136.00000
2070       2342842.20000
2071       2349566.00000
2072       2356307.40000
2073       2363066.40000
2074       2369843.20000
2075       2376637.70000
2076       2383449.90000
2077       2390280.00000
2078       2397128.00000
2079       2403993.80000
2080       2410877.60000
2081       2417779.40000
2082       2424699.20000
2083       2431637.10000
2084       2438593.10000
2085       2445567.20000
2086       2452559.50000
2087       2459570.10000
2088       2466598.90000
2089       2473646.10000
2090       2480711.60000
2091       2487795.50000
2092       2494897.90000
2093       2502018.70000
2094       2509158.10000
2095       2516316.10000
2096       2523492.60000
2097       2530687.80000
2098       2537901.80000
2099       2545134.40000
2100       2552385.90000
2101       2559656.10000
2102       2566945.30000
2103       2574253.30000
2104       2581580.30000
2105       2588926.30000
2106       2596291.40000
2107       2603675.50000
2108       2611078.80000
2109       2618501.20000
2110       2625942.90000
2111       2633403.80000
2112       2640884.00000
2113       2648383.50000
2114       2655902.50000
2115       2663440.90000
2116       2670998.80000
2117       2678576.20000
2118       2686173.10000
2119       2693789.70000
2120       2701425.90000
2121       2709081.80000
2122       2716757.50000
2123       2724453.00000
2124       2732168.30000
2125       2739903.50000
2126       2747658.60000
2127       2755433.60000
2128       2763228.70000
2129       2771043.90000
2130       2778879.10000
2131       2786734.50000
2132       2794610.10000
2133       2802506.00000
2134       2810422.10000
2135       2818358.60000
2136       2826315.40000
2137       2834292.70000
2138       2842290.40000
2139       2850308.70000
2140       2858347.50000
2141       2866406.90000
2142       2874487.00000
2143       2882587.70000
2144       2890709.30000
2145       2898851.60000
2146       2907014.70000
2147       2915198.80000
2148       2923403.70000
2149       2931629.70000
2150       2939876.70000
2151       2948144.70000
2152       2956433.90000
2153       2964744.30000
2154       2973075.80000
2155       2981428.60000
2156       2989802.80000
2157       2998198.30000
2158       3006615.10000
2159       3015053.50000
2160       3023513.30000
2161       3031994.70000
2162       3040497.70000
2163       3049022.40000
2164       3057568.70000
2165       3066136.80000
2166       3074726.60000
2167       3083338.30000
2168       3091971.90000
2169       3100627.40000
2170       3109304.90000
2171       3118004.50000
2172       3126726.10000
2173       3135469.80000
2174       3144235.70000
2175       3153023.90000
2176       3161834.30000
2177       3170667.10000
2178       3179522.20000
2179       3188399.70000
2180       3197299.80000
2181       3206222.30000
2182       3215167.40000
2183       3224135.20000
2184       3233125.60000
2185       3242138.70000
2186       3251174.60000
2187       3260233.40000
2188       3269315.00000
2189       3278419.50000
2190       3287547.00000
2191       3296697.50000
2192       3305871.10000
2193       3315067.80000
2194       3324287.70000
2195       3333530.90000
2196       3342797.30000
2197       3352087.00000
2198       3361400.10000
2199       3370736.70000
2200       3380096.70000
2201       3389480.30000
2202       3398887.40000
2203       3408318.20000
2204       3417772.60000
2205       3427250.90000
2206       3436752.90000
2207       3446278.70000
2208       3455828.40000
2209       3465402.10000
2210       3474999.80000
2211       3484621.60000
2212       3494267.40000
2213       3503937.40000
2214       3513631.60000
2215       3523350.10000
2216       3533092.90000
2217       3542860.00000
2218       3552651.60000
2219       3562467.70000
2220       3572308.20000
2221       3582173.40000
2222       3592063.20000
2223       3601977.60000
2224       3611916.90000
2225       3621880.90000
2226       3631869.70000
2227       3641883.50000
2228       3651922.20000
2229       3661985.90000
2230       3672074.70000
2231       3682188.60000
2232       3692327.60000
2233       3702491.90000
2234       3712681.50000
2235       3722896.40000
2236       3733136.70000
2237       3743402.40000
2238       3753693.70000
2239       3764010.40000
2240       3774352.80000
2241       3784720.90000
2242       3795114.70000
2243       3805534.20000
2244       3815979.60000
2245       3826450.80000
2246       3836948.00000
2247       3847471.20000
2248       3858020.50000
2249       3868595.80000
2250       3879197.30000
2251       3889825.10000
2252       3900479.10000
2253       3911159.40000
2254       3921866.10000
2255       3932599.30000
2256       3943358.90000
2257       3954145.20000
2258       3964958.00000
2259       3975797.50000
2260       3986663.70000
2261       3997556.70000
2262       4008476.60000
2263       4019423.30000
2264       4030397.00000
2265       4041397.70000
2266       4052425.50000
2267       4063480.40000
2268       4074562.50000
2269       4085671.90000
2270       4096808.50000
2271       4107972.50000
2272       4119163.90000
2273       4130382.80000
2274       4141629.20000
2275       4152903.20000
2276       4164204.90000
2277       4175534.20000
2278       4186891.30000
2279       4198276.30000
2280       4209689.10000
2281       4221129.90000
2282       4232598.70000
2283       4244095.50000
2284       4255620.50000
2285       4267173.60000
2286       4278755.00000
2287       4290364.60000
2288       4302002.70000
2289       4313669.10000
2290       4325364.00000
2291       4337087.50000
2292       4348839.50000
2293       4360620.30000
2294       4372429.70000
2295       4384267.90000
2296       4396134.90000
2297       4408030.90000
2298       4419955.80000
2299       4431909.70000
2300       4443892.70000
2301       4455904.80000
2302       4467946.10000
2303       4480016.70000
2304       4492116.60000
2305       4504245.90000
2306       4516404.70000
2307       4528592.90000
2308       4540810.80000
2309       4553058.20000
2310       4565335.40000
2311       4577642.30000
2312       4589979.00000
2313       4602345.60000
2314       4614742.10000
2315       4627168.70000
2316       4639625.30000
2317       4652112.00000
2318       4664628.90000
2319       4677176.10000
2320       4689753.60000
2321       4702361.50000
2322       4714999.80000
2323       4727668.60000
2324       4740368.00000
2325       4753098.00000
2326       4765858.70000
2327       4778650.20000
2328       4791472.50000
2329       4804325.60000
2330       4817209.80000
2331       4830124.90000
2332       4843071.10000
2333       4856048.50000
2334       4869057.00000
2335       4882096.90000
2336       4895168.00000
2337       4908270.60000
2338       4921404.60000
2339       4934570.10000
2340       4947767.30000
2341       4960996.10000
2342       4974256.60000
2343       4987548.90000
2344       5000873.10000
2345       5014229.20000
2346       5027617.20000
2347       5041037.30000
2348       5054489.60000
2349       5067974.00000
2350       5081490.60000
2351       5095039.60000
2352       5108620.90000
2353       5122234.70000
2354       5135881.00000
2355       5149559.90000
2356       5163271.40000
2357       5177015.70000
2358       5190792.70000
2359       5204602.50000
2360       5218445.30000
2361       5232321.00000
2362       5246229.80000
2363       5260171.70000
2364       5274146.80000
2365       5288155.10000
2366       5302196.80000
2367       5316271.80000
2368       5330380.30000
2369       5344522.30000
2370       5358697.90000
2371       5372907.10000
2372       5387150.00000
2373       5401426.80000
2374       5415737.40000
2375       5430081.90000
2376       5444460.40000
2377       5458873.00000
2378       5473319.80000
2379       5487800.70000
2380       5502315.90000
2381       5516865.40000
2382       5531449.40000
2383       5546067.80000
2384       5560720.80000
2385       5575408.40000
2386       5590130.70000
2387       5604887.70000
2388       5619679.60000
2389       5634506.40000
2390       5649368.10000
2391       5664264.90000
2392       5679196.80000
2393       5694163.80000
2394       5709166.10000
2395       5724203.80000
2396       5739276.80000
2397       5754385.30000
2398       5769529.30000
2399       5784708.90000
2400       5799924.20000
2401       5815175.30000
2402       5830462.20000
2403       5845784.90000
2404       5861143.60000
2405       5876538.40000
2406       5891969.20000
2407       5907436.30000
2408       5922939.60000
2409       5938479.20000
2410       5954055.20000
2411       5969667.60000
2412       5985316.60000
2413       6001002.20000
2414       6016724.50000
2415       6032483.60000
2416       6048279.50000
2417       6064112.30000
2418       6079982.00000
2419       6095888.90000
2420       6111832.80000
2421       6127813.90000
2422       6143832.30000
2423       6159888.10000
2424       6175981.30000
2425       6192111.90000
2426       6208280.10000
2427       6224486.00000
2428       6240729.60000
2429       6257011.00000
2430       6273330.20000
2431       6289687.40000
2432       6306082.50000
2433       6322515.80000
2434       6338987.30000
2435       6355496.90000
2436       6372044.90000
2437       6388631.30000
2438       6405256.10000
2439       6421919.50000
2440       6438621.50000
2441       6455362.20000
2442       6472141.70000
2443       6488960.00000
2444       6505817.20000
2445       6522713.40000
2446       6539648.70000
2447       6556623.10000
2448       6573636.80000
2449       6590689.70000
2450       6607782.10000
2451       6624913.80000
2452       6642085.20000
2453       6659296.10000
2454       6676546.70000
2455       6693837.10000
2456       6711167.30000
2457       6728537.50000
2458       6745947.60000
2459       6763397.90000
2460       6780888.20000
2461       6798418.80000
2462       6815989.80000
2463       6833601.10000
2464       6851252.80000
2465       6868945.10000
2466       6886678.10000
2467       6904451.70000
2468       6922266.10000
2469       6940121.40000
2470       6958017.60000
2471       6975954.90000
2472       6993933.20000
2473       7011952.70000
2474       7030013.50000
2475       7048115.60000
2476       7066259.10000
2477       7084444.10000
2478       7102670.70000
2479       7120938.90000
2480       7139248.90000
2481       7157600.70000
2482       7175994.40000
2483       7194430.10000
2484       7212907.90000
2485       7231427.70000
2486       7249989.80000
2487       7268594.20000
2488       7287241.00000
2489       7305930.30000
2490       7324662.10000
2491       7343436.50000
2492       7362253.60000
2493       7381113.50000
2494       7400016.30000
2495       7418962.10000
2496       7437950.90000
2497       7456982.80000
2498       7476057.90000
2499       7495176.30000
2500       7514338.00000