   1            16.26995
   2            18.42058
   3            23.71612
   4            29.89594
   5            36.66801
   6            43.93592
   7            51.64476
   8            59.75645
   9            68.24418
  10            77.08984
  11            86.28183
  12            95.81306
  13           105.67937
  14           115.87821
  15           126.40779
  16           137.26648
  17           148.45245
  18           159.96347
  19           171.79684
  20           183.94936
  21           196.41737
  22           209.19683
  23           222.28335
  24           235.67228
  25           249.35879
  26           263.33792
  27           277.60463
  28           292.15388
  29           306.98062
  30           322.07988
  31           337.44677
  32           353.07648
  33           368.96435
  34           385.10585
  35           401.49659
  36           418.13231
  37           435.00894
  38           452.12254
  39           469.46933
  40           487.04567
  41           504.84809
  42           522.87323
  43           541.11791
  44           559.57904
  45           578.25369
  46           597.13903
  47           616.23236
  48           635.53109
  49           655.03272
  50           674.73487
  51           694.63523
  52           714.73160
  53           735.02186
  54           755.50395
  55           776.17590
  56           797.03582
  57           818.08186
  58           839.31225
  59           860.72529
  60           882.31930
  61           904.09268
  62           926.04388
  63           948.17138
  64           970.47372
  65           992.94948
  66          1015.59730
  67          1038.41570
  68          1061.40360
  69          1084.55950
  70          1107.88230
  71          1131.37080
  72          1155.02370
  73          1178.83990
  74          1202.81830
  75          1226.95770
  76          1251.25710
  77          1275.71550
  78          1300.33180
  79          1325.10490
  80          1350.03400
  81          1375.11800
  82          1400.35590
  83          1425.74690
  84          1451.29010
  85          1476.98440
  86          1502.82910
  87          1528.82330
  88          1554.96620
  89          1581.25680
  90          1607.69440
  91          1634.27820
  92          1661.00740
  93          1687.88120
  94          1714.89880
  95          1742.05950
  96          1769.36250
  97          1796.80720
  98          1824.39270
  99          1852.11840
 100          1879.98360
 101          1907.98770
 102          1936.12980
 103          1964.40950
 104          1992.82590
 105          2021.37850
 106          2050.06670
 107          2078.88970
 108          2107.84700
 109          2136.93800
 110          2166.16210
 111          2195.51870
 112          2225.00720
 113          2254.62700
 114          2284.37760
 115          2314.25840
 116          2344.26890
 117          2374.40850
 118          2404.67660
 119          2435.07280
 120          2465.59650
 121          2496.24730
 122          2527.02450
 123          2557.92780
 124          2588.95660
 125          2620.11040
 126          2651.38870
 127          2682.79120
 128          2714.31720
 129          2745.96640
 130          2777.73830
 131          2809.63250
 132          2841.64840
 133          2873.78580
 134          2906.04410
 135          2938.42290
 136          2970.92180
 137          3003.54050
 138          3036.27840
 139          3069.13520
 140          3102.11060
 141          3135.20410
 142          3168.41530
 143          3201.74390
 144          3235.18950
 145          3268.75170
 146          3302.43030
 147          3336.22470
 148          3370.13480
 149          3404.16020
 150          3438.30040
 151          3472.55530
 152          3506.92440
 153          3541.40750
 154          3576.00420
 155          3610.71430
 156          3645.53750
 157          3680.47340
 158          3715.52180
 159          3750.68240
 160          3785.95490
 161          3821.33910
 162          3856.83470
 163          3892.44140
 164          3928.15900
 165          3963.98730
 166          3999.92600
 167          4035.97490
 168          4072.13370
 169          4108.40220
 170          4144.78030
 171          4181.26770
 172          4217.86420
 173          4254.56960
 174          4291.38370
 175          4328.30640
 176          4365.33740
 177          4402.47670
 178          4439.72400
 179          4477.07910
 180          4514.54200
 181          4552.11250
 182          4589.79030
 183          4627.57550
 184          4665.46790
 185          4703.46730
 186          4741.57370
 187          4779.78690
 188          4818.10680
 189          4856.53340
 190          4895.06650
 191          4933.70600
 192          4972.45200
 193          5011.30430
 194          5050.26280
 195          5089.32750
 196          5128.49840
 197          5167.77530
 198          5207.15830
 199          5246.64740
 200          5286.24250
 201          5325.94350
 202          5365.75050
 203          5405.66350
 204          5445.68250
 205          5485.80740
 206          5526.03830
 207          5566.37530
 208          5606.81820
 209          5647.36730
 210          5688.02240
 211          5728.78370
 212          5769.65120
 213          5810.62500
 214          5851.70520
 215          5892.89170
 216          5934.18470
 217          5975.58430
 218          6017.09050
 219          6058.70350
 220          6100.42330
 221          6142.25020
 222          6184.18410
 223          6226.22520
 224          6268.37370
 225          6310.62960
 226          6352.99320
 227          6395.46450
 228          6438.04380
 229          6480.73110
 230          6523.52670
 231          6566.43080
 232          6609.44340
 233          6652.56480
 234          6695.79530
 235          6739.13490
 236          6782.58390
 237          6826.14250
 238          6869.81090
 239          6913.58940
 240          6957.47810
 241          7001.47740
 242          7045.58740
 243          7089.80840
 244          7134.14070
 245          7178.58450
 246          7223.14000
 247          7267.80770
 248          7312.58760
 249          7357.48020
 250          7402.48570
 251          7447.60440
 252          7492.83660
 253          7538.18260
 254          7583.64270
 255          7629.21730
 256          7674.90660
 257          7720.71100
 258          7766.63090
 259          7812.66660
 260          7858.81840
 261          7905.08660
 262          7951.47170
 263          7997.97410
 264          8044.59390
 265          8091.33180
 266          8138.18790
 267          8185.16280
 268          8232.25680
 269          8279.47030
 270          8326.80370
 271          8374.25740
 272          8421.83180
 273          8469.52740
 274          8517.34460
 275          8565.28380
 276          8613.34540
 277          8661.52980
 278          8709.83760
 279          8758.26920
 280          8806.82500
 281          8855.50540
 282          8904.31100
 283          8953.24230
 284          9002.29960
 285          9051.48350
 286          9100.79440
 287          9150.23290
 288          9199.79950
 289          9249.49450
 290          9299.31860
 291          9349.27230
 292          9399.35600
 293          9449.57030
 294          9499.91580
 295          9550.39280
 296          9601.00200
 297          9651.74390
 298          9702.61910
 299          9753.62800
 300          9804.77130
 301          9856.04950
 302          9907.46310
 303          9959.01280
 304         10010.69900
 305         10062.52200
 306         10114.48400
 307         10166.58300
 308         10218.82100
 309         10271.19900
 310         10323.71700
 311         10376.37600
 312         10429.17600
 313         10482.11700
 314         10535.20200
 315         10588.42900
 316         10641.80000
 317         10695.31600
 318         10748.97600
 319         10802.78200
 320         10856.73500
 321         10910.83400
 322         10965.08100
 323         11019.47600
 324         11074.01900
 325         11128.71300
 326         11183.55600
 327         11238.55000
 328         11293.69600
 329         11348.99400
 330         11404.44500
 331         11460.04900
 332         11515.80700
 333         11571.72100
 334         11627.78900
 335         11684.01500
 336         11740.39700
 337         11796.93600
 338         11853.63400
 339         11910.49100
 340         11967.50800
 341         12024.68600
 342         12082.02400
 343         12139.52500
 344         12197.18800
 345         12255.01500
 346         12313.00500
 347         12371.16100
 348         12429.48200
 349         12487.97000
 350         12546.62400
 351         12605.44700
 352         12664.43800
 353         12723.59800
 354         12782.92900
 355         12842.43000
 356         12902.10300
 357         12961.94900
 358         13021.96700
 359         13082.16000
 360         13142.52700
 361         13203.07000
 362         13263.78900
 363         13324.68600
 364         13385.76000
 365         13447.01300
 366         13508.44500
 367         13570.05800
 368         13631.85200
 369         13693.82800
 370         13755.98700
 371         13818.32900
 372         13880.85500
 373         13943.56700
 374         14006.46500
 375         14069.55000
 376         14132.82200
 377         14196.28300
 378         14259.93400
 379         14323.77400
 380         14387.80600
 381         14452.02900
 382         14516.44600
 383         14581.05600
 384         14645.86000
 385         14710.86000
 386         14776.05600
 387         14841.44900
 388         14907.04000
 389         14972.83000
 390         15038.82000
 391         15105.01000
 392         15171.40200
 393         15237.99600
 394         15304.79400
 395         15371.79500
 396         15439.00200
 397         15506.41500
 398         15574.03400
 399         15641.86100
 400         15709.89700
 401         15778.14300
 402         15846.59900
 403         15915.26600
 404         15984.14600
 405         16053.23900
 406         16122.54600
 407         16192.06900
 408         16261.80700
 409         16331.76300
 410         16401.93600
 411         16472.32800
 412         16542.94000
 413         16613.77300
 414         16684.82800
 415         16756.10600
 416         16827.60700
 417         16899.33200
 418         16971.28400
 419         17043.46200
 420         17115.86700
 421         17188.50100
 422         17261.36400
 423         17334.45800
 424         17407.78300
 425         17481.34100
 426         17555.13300
 427         17629.15800
 428         17703.41900
 429         17777.91700
 430         17852.65200
 431         17927.62500
 432         18002.83800
 433         18078.29100
 434         18153.98600
 435         18229.92300
 436         18306.10400
 437         18382.53000
 438         18459.20100
 439         18536.11800
 440         18613.28400
 441         18690.69800
 442         18768.36100
 443         18846.27600
 444         18924.44200
 445         19002.86100
 446         19081.53400
 447         19160.46200
 448         19239.64700
 449         19319.08800
 450         19398.78800
 451         19478.74600
 452         19558.96500
 453         19639.44600
 454         19720.18900
 455         19801.19600
 456         19882.46700
 457         19964.00400
 458         20045.80800
 459         20127.88000
 460         20210.22100
 461         20292.83200
 462         20375.71500
 463         20458.87000
 464         20542.29800
 465         20626.00100
 466         20709.98000
 467         20794.23500
 468         20878.76900
 469         20963.58200
 470         21048.67500
 471         21134.05000
 472         21219.70700
 473         21305.64700
 474         21391.87300
 475         21478.38500
 476         21565.18300
 477         21652.27100
 478         21739.64700
 479         21827.31500
 480         21915.27400
 481         22003.52600
 482         22092.07200
 483         22180.91400
 484         22270.05200
 485         22359.48800
 486         22449.22300
 487         22539.25800
 488         22629.59500
 489         22720.23400
 490         22811.17600
 491         22902.42400
 492         22993.97800
 493         23085.83900
 494         23178.00900
 495         23270.48900
 496         23363.28000
 497         23456.38300
 498         23549.79900
 499         23643.53100
 500         23737.57800
 501         23831.94300
 502         23926.62600
 503         24021.62900
 504         24116.95400
 505         24212.60000
 506         24308.57000
 507         24404.86500
 508         24501.48600
 509         24598.43400
 510         24695.71100
 511         24793.31800
 512         24891.25700
 513         24989.52800
 514         25088.13200
 515         25187.07200
 516         25286.34900
 517         25385.96300
 518         25485.91600
 519         25586.21000
 520         25686.84500
 521         25787.82400
 522         25889.14700
 523         25990.81500
 524         26092.83100
 525         26195.19500
 526         26297.90900
 527         26400.97400
 528         26504.39200
 529         26608.16300
 530         26712.29000
 531         26816.77300
 532         26921.61400
 533         27026.81400
 534         27132.37500
 535         27238.29800
 536         27344.58500
 537         27451.23700
 538         27558.25400
 539         27665.64000
 540         27773.39400
 541         27881.51900
 542         27990.01600
 543         28098.88700
 544         28208.13200
 545         28317.75300
 546         28427.75100
 547         28538.12900
 548         28648.88800
 549         28760.02800
 550         28871.55100
 551         28983.46000
 552         29095.75500
 553         29208.43700
 554         29321.50900
 555         29434.97100
 556         29548.82600
 557         29663.07400
 558         29777.71800
 559         29892.75800
 560         30008.19600
 561         30124.03400
 562         30240.27300
 563         30356.91500
 564         30473.96100
 565         30591.41200
 566         30709.27100
 567         30827.53900
 568         30946.21700
 569         31065.30600
 570         31184.80900
 571         31304.72700
 572         31425.06200
 573         31545.81400
 574         31666.98600
 575         31788.57900
 576         31910.59500
 577         32033.03500
 578         32155.90200
 579         32279.19500
 580         32402.91800
 581         32527.07100
 582         32651.65700
 583         32776.67600
 584         32902.13100
 585         33028.02300
 586         33154.35400
 587         33281.12500
 588         33408.33800
 589         33535.99500
 590         33664.09700
 591         33792.64600
 592         33921.64300
 593         34051.09100
 594         34180.99000
 595         34311.34400
 596         34442.15200
 597         34573.41700
 598         34705.14100
 599         34837.32500
 600         34969.97100
 601         35103.08100
 602         35236.65700
 603         35370.69900
 604         35505.21000
 605         35640.19200
 606         35775.64500
 607         35911.57300
 608         36047.97700
 609         36184.85800
 610         36322.21800
 611         36460.06000
 612         36598.38400
 613         36737.19200
 614         36876.48700
 615         37016.27000
 616         37156.54300
 617         37297.30700
 618         37438.56500
 619         37580.31800
 620         37722.56800
 621         37865.31700
 622         38008.56600
 623         38152.31800
 624         38296.57400
 625         38441.33600
 626         38586.60700
 627         38732.38700
 628         38878.67800
 629         39025.48400
 630         39172.80400
 631         39320.64200
 632         39468.99900
 633         39617.87700
 634         39767.27800
 635         39917.20400
 636         40067.65600
 637         40218.63700
 638         40370.14900
 639         40522.19300
 640         40674.77100
 641         40827.88500
 642         40981.53800
 643         41135.73100
 644         41290.46500
 645         41445.74400
 646         41601.56900
 647         41757.94200
 648         41914.86500
 649         42072.33900
 650         42230.36800
 651         42388.95200
 652         42548.09400
 653         42707.79600
 654         42868.06000
 655         43028.88800
 656         43190.28200
 657         43352.24400
 658         43514.77600
 659         43677.87900
 660         43841.55700
 661         44005.81100
 662         44170.64300
 663         44336.05600
 664         44502.05100
 665         44668.63000
 666         44835.79500
 667         45003.54900
 668         45171.89400
 669         45340.83200
 670         45510.36500
 671         45680.49400
 672         45851.22300
 673         46022.55300
 674         46194.48600
 675         46367.02500
 676         46540.17200
 677         46713.92800
 678         46888.29700
 679         47063.28000
 680         47238.87900
 681         47415.09700
 682         47591.93600
 683         47769.39700
 684         47947.48400
 685         48126.19800
 686         48305.54200
 687         48485.51700
 688         48666.12700
 689         48847.37300
 690         49029.25800
 691         49211.78400
 692         49394.95200
 693         49578.76600
 694         49763.22800
 695         49948.33900
 696         50134.10300
 697         50320.52200
 698         50507.59700
 699         50695.33100
 700         50883.72700
 701         51072.78700
 702         51262.51300
 703         51452.90700
 704         51643.97300
 705         51835.71100
 706         52028.12500
 707         52221.21700
 708         52414.99000
 709         52609.44500
 710         52804.58500
 711         53000.41300
 712         53196.93000
 713         53394.14000
 714         53592.04500
 715         53790.64700
 716         53989.94900
 717         54189.95300
 718         54390.66100
 719         54592.07700
 720         54794.20200
 721         54997.03900
 722         55200.59000
 723         55404.85900
 724         55609.84700
 725         55815.55700
 726         56021.99100
 727         56229.15300
 728         56437.04400
 729         56645.66700
 730         56855.02500
 731         57065.12100
 732         57275.95600
 733         57487.53300
 734         57699.85600
 735         57912.92600
 736         58126.74600
 737         58341.31900
 738         58556.64800
 739         58772.73500
 740         58989.58200
 741         59207.19200
 742         59425.56900
 743         59644.71400
 744         59864.63100
 745         60085.32100
 746         60306.78800
 747         60529.03500
 748         60752.06300
 749         60975.87700
 750         61200.47800
 751         61425.86900
 752         61652.05300
 753         61879.03300
 754         62106.81100
 755         62335.39000
 756         62564.77400
 757         62794.96400
 758         63025.96400
 759         63257.77600
 760         63490.40300
 761         63723.84800
 762         63958.11400
 763         64193.20400
 764         64429.12000
 765         64665.86600
 766         64903.44400
 767         65141.85600
 768         65381.10700
 769         65621.19900
 770         65862.13400
 771         66103.91600
 772         66346.54700
 773         66590.03100
 774         66834.37100
 775         67079.56800
 776         67325.62700
 777         67572.55100
 778         67820.34100
 779         68069.00200
 780         68318.53500
 781         68568.94500
 782         68820.23500
 783         69072.40600
 784         69325.46300
 785         69579.40800
 786         69834.24400
 787         70089.97400
 788         70346.60200
 789         70604.13100
 790         70862.56300
 791         71121.90200
 792         71382.15000
 793         71643.31200
 794         71905.38900
 795         72168.38600
 796         72432.30500
 797         72697.14900
 798         72962.92200
 799         73229.62700
 800         73497.26700
 801         73765.84500
 802         74035.36400
 803         74305.82800
 804         74577.23900
 805         74849.60200
 806         75122.91900
 807         75397.19300
 808         75672.42800
 809         75948.62700
 810         76225.79400
 811         76503.93100
 812         76783.04200
 813         77063.13000
 814         77344.19900
 815         77626.25200
 816         77909.29200
 817         78193.32200
 818         78478.34700
 819         78764.36800
 820         79051.39100
 821         79339.41700
 822         79628.45100
 823         79918.49600
 824         80209.55600
 825         80501.63300
 826         80794.73100
 827         81088.85400
 828         81384.00600
 829         81680.18900
 830         81977.40700
 831         82275.66300
 832         82574.96200
 833         82875.30700
 834         83176.70100
 835         83479.14700
 836         83782.65000
 837         84087.21300
 838         84392.83900
 839         84699.53300
 840         85007.29700
 841         85316.13500
 842         85626.05200
 843         85937.04900
 844         86249.13200
 845         86562.30400
 846         86876.56900
 847         87191.92900
 848         87508.39000
 849         87825.95400
 850         88144.62500
 851         88464.40800
 852         88785.30500
 853         89107.32100
 854         89430.45900
 855         89754.72300
 856         90080.11800
 857         90406.64500
 858         90734.31000
 859         91063.11700
 860         91393.06900
 861         91724.16900
 862         92056.42200
 863         92389.83300
 864         92724.40300
 865         93060.13800
 866         93397.04200
 867         93735.11700
 868         94074.36900
 869         94414.80100
 870         94756.41800
 871         95099.22200
 872         95443.21800
 873         95788.41100
 874         96134.80300
 875         96482.39900
 876         96831.20400
 877         97181.22000
 878         97532.45300
 879         97884.90600
 880         98238.58300
 881         98593.48900
 882         98949.62700
 883         99307.00100
 884         99665.61700
 885        100025.48000
 886        100386.59000
 887        100748.95000
 888        101112.57000
 889        101477.45000
 890        101843.60000
 891        102211.01000
 892        102579.71000
 893        102949.68000
 894        103320.93000
 895        103693.47000
 896        104067.30000
 897        104442.42000
 898        104818.85000
 899        105196.58000
 900        105575.62000
 901        105955.97000
 902        106337.64000
 903        106720.63000
 904        107104.94000
 905        107490.59000
 906        107877.57000
 907        108265.89000
 908        108655.56000
 909        109046.57000
 910        109438.93000
 911        109832.66000
 912        110227.74000
 913        110624.19000
 914        111022.01000
 915        111421.20000
 916        111821.78000
 917        112223.74000
 918        112627.08000
 919        113031.82000
 920        113437.96000
 921        113845.50000
 922        114254.45000
 923        114664.81000
 924        115076.59000
 925        115489.79000
 926        115904.41000
 927        116320.47000
 928        116737.96000
 929        117156.89000
 930        117577.26000
 931        117999.09000
 932        118422.37000
 933        118847.11000
 934        119273.31000
 935        119700.98000
 936        120130.12000
 937        120560.75000
 938        120992.85000
 939        121426.45000
 940        121861.54000
 941        122298.12000
 942        122736.21000
 943        123175.81000
 944        123616.92000
 945        124059.54000
 946        124503.69000
 947        124949.37000
 948        125396.58000
 949        125845.33000
 950        126295.62000
 951        126747.46000
 952        127200.85000
 953        127655.80000
 954        128112.31000
 955        128570.39000
 956        129030.05000
 957        129491.28000
 958        129954.10000
 959        130418.50000
 960        130884.50000
 961        131352.10000
 962        131821.31000
 963        132292.12000
 964        132764.55000
 965        133238.60000
 966        133714.28000
 967        134191.58000
 968        134670.52000
 969        135151.11000
 970        135633.34000
 971        136117.22000
 972        136602.76000
 973        137089.97000
 974        137578.84000
 975        138069.38000
 976        138561.61000
 977        139055.52000
 978        139551.12000
 979        140048.42000
 980        140547.42000
 981        141048.12000
 982        141550.54000
 983        142054.68000
 984        142560.54000
 985        143068.13000
 986        143577.45000
 987        144088.52000
 988        144601.33000
 989        145115.89000
 990        145632.21000
 991        146150.29000
 992        146670.15000
 993        147191.77000
 994        147715.18000
 995        148240.38000
 996        148767.36000
 997        149296.15000
 998        149826.73000
 999        150359.13000
1000        150893.34000
1001        151429.38000
1002        151967.24000
1003        152506.93000
1004        153048.46000
1005        153591.84000
1006        154137.07000
1007        154684.15000
1008        155233.10000
1009        155783.92000
1010        156336.61000
1011        156891.18000
1012        157447.64000
1013        158006.00000
1014        158566.25000
1015        159128.41000
1016        159692.48000
1017        160258.46000
1018        160826.38000
1019        161396.22000
1020        161967.99000
1021        162541.71000
1022        163117.38000
1023        163695.01000
1024        164274.59000
1025        164856.14000
1026        165439.67000
1027        166025.18000
1028        166612.67000
1029        167202.16000
1030        167793.64000
1031        168387.13000
1032        168982.64000
1033        169580.16000
1034        170179.71000
1035        170781.29000
1036        171384.91000
1037        171990.57000
1038        172598.29000
1039        173208.06000
1040        173819.90000
1041        174433.81000
1042        175049.79000
1043        175667.86000
1044        176288.03000
1045        176910.29000
1046        177534.65000
1047        178161.13000
1048        178789.72000
1049        179420.44000
1050        180053.29000
1051        180688.28000
1052        181325.41000
1053        181964.70000
1054        182606.14000
1055        183249.75000
1056        183895.54000
1057        184543.50000
1058        185193.65000
1059        185845.99000
1060        186500.54000
1061        187157.29000
1062        187816.26000
1063        188477.45000
1064        189140.86000
1065        189806.52000
1066        190474.41000
1067        191144.56000
1068        191816.96000
1069        192491.63000
1070        193168.57000
1071        193847.79000
1072        194529.30000
1073        195213.10000
1074        195899.20000
1075        196587.60000
1076        197278.33000
1077        197971.37000
1078        198666.75000
1079        199364.46000
1080        200064.52000
1081        200766.93000
1082        201471.70000
1083        202178.84000
1084        202888.35000
1085        203600.25000
1086        204314.53000
1087        205031.22000
1088        205750.30000
1089        206471.80000
1090        207195.72000
1091        207922.07000
1092        208650.86000
1093        209382.08000
1094        210115.76000
1095        210851.90000
1096        211590.50000
1097        212331.58000
1098        213075.14000
1099        213821.19000
1100        214569.74000
1101        215320.80000
1102        216074.36000
1103        216830.45000
1104        217589.07000
1105        218350.23000
1106        219113.93000
1107        219880.19000
1108        220649.00000
1109        221420.39000
1110        222194.35000
1111        222970.91000
1112        223750.05000
1113        224531.80000
1114        225316.15000
1115        226103.13000
1116        226892.73000
1117        227684.97000
1118        228479.85000
1119        229277.38000
1120        230077.57000
1121        230880.43000
1122        231685.97000
1123        232494.19000
1124        233305.11000
1125        234118.72000
1126        234935.05000
1127        235754.10000
1128        236575.87000
1129        237400.38000
1130        238227.64000
1131        239057.64000
1132        239890.41000
1133        240725.95000
1134        241564.27000
1135        242405.38000
1136        243249.28000
1137        244095.99000
1138        244945.51000
1139        245797.86000
1140        246653.03000
1141        247511.05000
1142        248371.92000
1143        249235.64000
1144        250102.23000
1145        250971.70000
1146        251844.05000
1147        252719.30000
1148        253597.45000
1149        254478.51000
1150        255362.49000
1151        256249.41000
1152        257139.26000
1153        258032.06000
1154        258927.82000
1155        259826.55000
1156        260728.25000
1157        261632.94000
1158        262540.62000
1159        263451.30000
1160        264365.00000
1161        265281.73000
1162        266201.48000
1163        267124.28000
1164        268050.12000
1165        268979.03000
1166        269911.01000
1167        270846.06000
1168        271784.21000
1169        272725.45000
1170        273669.80000
1171        274617.27000
1172        275567.87000
1173        276521.61000
1174        277478.49000
1175        278438.53000
1176        279401.73000
1177        280368.11000
1178        281337.68000
1179        282310.44000
1180        283286.41000
1181        284265.59000
1182        285248.00000
1183        286233.65000
1184        287222.54000
1185        288214.68000
1186        289210.09000
1187        290208.78000
1188        291210.76000
1189        292216.02000
1190        293224.60000
1191        294236.49000
1192        295251.71000
1193        296270.26000
1194        297292.17000
1195        298317.42000
1196        299346.05000
1197        300378.06000
1198        301413.45000
1199        302452.24000
1200        303494.44000
1201        304540.06000
1202        305589.12000
1203        306641.61000
1204        307697.55000
1205        308756.96000
1206        309819.84000
1207        310886.20000
1208        311956.05000
1209        313029.42000
1210        314106.29000
1211        315186.69000
1212        316270.63000
1213        317358.12000
1214        318449.17000
1215        319543.78000
1216        320641.98000
1217        321743.77000
1218        322849.16000
1219        323958.16000
1220        325070.79000
1221        326187.05000
1222        327306.97000
1223        328430.54000
1224        329557.77000
1225        330688.69000
1226        331823.30000
1227        332961.62000
1228        334103.65000
1229        335249.40000
1230        336398.89000
1231        337552.13000
1232        338709.13000
1233        339869.90000
1234        341034.45000
1235        342202.79000
1236        343374.95000
1237        344550.92000
1238        345730.72000
1239        346914.36000
1240        348101.85000
1241        349293.20000
1242        350488.43000
1243        351687.55000
1244        352890.57000
1245        354097.50000
1246        355308.36000
1247        356523.14000
1248        357741.88000
1249        358964.57000
1250        360191.24000
1251        361421.89000
1252        362656.53000
1253        363895.18000
1254        365137.85000
1255        366384.56000
1256        367635.30000
1257        368890.10000
1258        370148.97000
1259        371411.93000
1260        372678.97000
1261        373950.12000
1262        375225.39000
1263        376504.78000
1264        377788.33000
1265        379076.02000
1266        380367.89000
1267        381663.93000
1268        382964.17000
1269        384268.61000
1270        385577.27000
1271        386890.16000
1272        388207.30000
1273        389528.69000
1274        390854.36000
1275        392184.30000
1276        393518.54000
1277        394857.09000
1278        396199.96000
1279        397547.17000
1280        398898.72000
1281        400254.64000
1282        401614.92000
1283        402979.59000
1284        404348.67000
1285        405722.15000
1286        407100.07000
1287        408482.42000
1288        409869.22000
1289        411260.50000
1290        412656.25000
1291        414056.49000
1292        415461.25000
1293        416870.52000
1294        418284.32000
1295        419702.68000
1296        421125.59000
1297        422553.08000
1298        423985.16000
1299        425421.84000
1300        426863.14000
1301        428309.06000
1302        429759.63000
1303        431214.86000
1304        432674.76000
1305        434139.34000
1306        435608.63000
1307        437082.62000
1308        438561.35000
1309        440044.81000
1310        441533.04000
1311        443026.03000
1312        444523.81000
1313        446026.38000
1314        447533.77000
1315        449045.99000
1316        450563.05000
1317        452084.96000
1318        453611.74000
1319        455143.41000
1320        456679.98000
1321        458221.47000
1322        459767.88000
1323        461319.23000
1324        462875.55000
1325        464436.83000
1326        466003.11000
1327        467574.39000
1328        469150.68000
1329        470732.01000
1330        472318.38000
1331        473909.82000
1332        475506.33000
1333        477107.94000
1334        478714.66000
1335        480326.49000
1336        481943.47000
1337        483565.59000
1338        485192.89000
1339        486825.37000
1340        488463.05000
1341        490105.94000
1342        491754.07000
1343        493407.43000
1344        495066.06000
1345        496729.97000
1346        498399.17000
1347        500073.67000
1348        501753.50000
1349        503438.67000
1350        505129.19000
1351        506825.09000
1352        508526.37000
1353        510233.05000
1354        511945.15000
1355        513662.69000
1356        515385.67000
1357        517114.12000
1358        518848.06000
1359        520587.49000
1360        522332.44000
1361        524082.92000
1362        525838.95000
1363        527600.54000
1364        529367.71000
1365        531140.48000
1366        532918.86000
1367        534702.87000
1368        536492.52000
1369        538287.84000
1370        540088.84000
1371        541895.54000
1372        543707.94000
1373        545526.08000
1374        547349.96000
1375        549179.61000
1376        551015.03000
1377        552856.26000
1378        554703.29000
1379        556556.16000
1380        558414.88000
1381        560279.46000
1382        562149.92000
1383        564026.28000
1384        565908.56000
1385        567796.78000
1386        569690.94000
1387        571591.08000
1388        573497.20000
1389        575409.32000
1390        577327.47000
1391        579251.65000
1392        581181.89000
1393        583118.21000
1394        585060.62000
1395        587009.14000
1396        588963.78000
1397        590924.57000
1398        592891.53000
1399        594864.66000
1400        596844.00000
1401        598829.55000
1402        600821.34000
1403        602819.38000
1404        604823.69000
1405        606834.30000
1406        608851.21000
1407        610874.45000
1408        612904.03000
1409        614939.98000
1410        616982.31000
1411        619031.04000
1412        621086.18000
1413        623147.77000
1414        625215.81000
1415        627290.33000
1416        629371.34000
1417        631458.87000
1418        633552.93000
1419        635653.53000
1420        637760.71000
1421        639874.47000
1422        641994.85000
1423        644121.85000
1424        646255.49000
1425        648395.80000
1426        650542.80000
1427        652696.50000
1428        654856.92000
1429        657024.08000
1430        659198.01000
1431        661378.72000
1432        663566.23000
1433        665760.56000
1434        667961.73000
1435        670169.76000
1436        672384.67000
1437        674606.48000
1438        676835.21000
1439        679070.88000
1440        681313.50000
1441        683563.11000
1442        685819.72000
1443        688083.35000
1444        690354.02000
1445        692631.74000
1446        694916.55000
1447        697208.46000
1448        699507.49000
1449        701813.66000
1450        704127.00000
1451        706447.52000
1452        708775.24000
1453        711110.18000
1454        713452.37000
1455        715801.83000
1456        718158.57000
1457        720522.62000
1458        722893.99000
1459        725272.72000
1460        727658.82000
1461        730052.31000
1462        732453.21000
1463        734861.54000
1464        737277.33000
1465        739700.59000
1466        742131.36000
1467        744569.64000
1468        747015.46000
1469        749468.85000
1470        751929.81000
1471        754398.39000
1472        756874.59000
1473        759358.44000
1474        761849.96000
1475        764349.17000
1476        766856.09000
1477        769370.76000
1478        771893.18000
1479        774423.38000
1480        776961.38000
1481        779507.21000
1482        782060.89000
1483        784622.43000
1484        787191.87000
1485        789769.22000
1486        792354.51000
1487        794947.75000
1488        797548.98000
1489        800158.22000
1490        802775.48000
1491        805400.79000
1492        808034.17000
1493        810675.65000
1494        813325.24000
1495        815982.98000
1496        818648.89000
1497        821322.98000
1498        824005.28000
1499        826695.82000
1500        829394.61000
1501        832101.68000
1502        834817.06000
1503        837540.77000
1504        840272.83000
1505        843013.26000
1506        845762.09000
1507        848519.34000
1508        851285.04000
1509        854059.21000
1510        856841.88000
1511        859633.06000
1512        862432.78000
1513        865241.07000
1514        868057.95000
1515        870883.44000
1516        873717.57000
1517        876560.36000
1518        879411.84000
1519        882272.03000
1520        885140.96000
1521        888018.65000
1522        890905.13000
1523        893800.41000
1524        896704.53000
1525        899617.50000
1526        902539.37000
1527        905470.14000
1528        908409.84000
1529        911358.51000
1530        914316.16000
1531        917282.82000
1532        920258.51000
1533        923243.26000
1534        926237.10000
1535        929240.05000
1536        932252.14000
1537        935273.39000
1538        938303.82000
1539        941343.47000
1540        944392.36000
1541        947450.52000
1542        950517.96000
1543        953594.72000
1544        956680.83000
1545        959776.30000
1546        962881.17000
1547        965995.46000
1548        969119.19000
1549        972252.40000
1550        975395.11000
1551        978547.35000
1552        981709.14000
1553        984880.51000
1554        988061.49000
1555        991252.10000
1556        994452.37000
1557        997662.33000
1558       1000882.00000
1559       1004111.40000
1560       1007350.60000
1561       1010599.60000
1562       1013858.40000
1563       1017127.00000
1564       1020405.50000
1565       1023694.00000
1566       1026992.30000
1567       1030300.60000
1568       1033618.90000
1569       1036947.30000
1570       1040285.60000
1571       1043634.00000
1572       1046992.60000
1573       1050361.20000
1574       1053740.00000
1575       1057129.00000
1576       1060528.20000
1577       1063937.70000
1578       1067357.40000
1579       1070787.40000
1580       1074227.70000
1581       1077678.40000
1582       1081139.40000
1583       1084610.90000
1584       1088092.80000
1585       1091585.20000
1586       1095088.00000
1587       1098601.40000
1588       1102125.40000
1589       1105659.90000
1590       1109205.00000
1591       1112760.80000
1592       1116327.30000
1593       1119904.40000
1594       1123492.30000
1595       1127090.90000
1596       1130700.30000
1597       1134320.60000
1598       1137951.60000
1599       1141593.60000
1600       1145246.50000
1601       1148910.30000
1602       1152585.10000
1603       1156270.80000
1604       1159967.60000
1605       1163675.50000
1606       1167394.40000
1607       1171124.50000
1608       1174865.70000
1609       1178618.10000
1610       1182381.60000
1611       1186156.50000
1612       1189942.60000
1613       1193740.00000
1614       1197548.70000
1615       1201368.80000
1616       1205200.30000
1617       1209043.20000
1618       1212897.60000
1619       1216763.50000
1620       1220640.80000
1621       1224529.80000
1622       1228430.30000
1623       1232342.40000
1624       1236266.20000
1625       1240201.60000
1626       1244148.80000
1627       1248107.70000
1628       1252078.40000
1629       1256060.80000
1630       1260055.10000
1631       1264061.30000
1632       1268079.40000
1633       1272109.40000
1634       1276151.40000
1635       1280205.40000
1636       1284271.40000
1637       1288349.40000
1638       1292439.60000
1639       1296541.90000
1640       1300656.30000
1641       1304783.00000
1642       1308921.90000
1643       1313073.00000
1644       1317236.40000
1645       1321412.20000
1646       1325600.30000
1647       1329800.80000
1648       1334013.80000
1649       1338239.20000
1650       1342477.00000
1651       1346727.50000
1652       1350990.40000
1653       1355266.00000
1654       1359554.20000
1655       1363855.10000
1656       1368168.70000
1657       1372495.00000
1658       1376834.00000
1659       1381185.90000
1660       1385550.60000
1661       1389928.20000
1662       1394318.70000
1663       1398722.10000
1664       1403138.50000
1665       1407567.90000
1666       1412010.30000
1667       1416465.80000
1668       1420934.40000
1669       1425416.20000
1670       1429911.20000
1671       1434419.40000
1672       1438940.80000
1673       1443475.60000
1674       1448023.60000
1675       1452585.00000
1676       1457159.80000
1677       1461748.10000
1678       1466349.80000
1679       1470965.00000
1680       1475593.80000
1681       1480236.10000
1682       1484892.10000
1683       1489561.70000
1684       1494245.00000
1685       1498942.00000
1686       1503652.80000
1687       1508377.40000
1688       1513115.80000
1689       1517868.10000
1690       1522634.20000
1691       1527414.40000
1692       1532208.50000
1693       1537016.60000
1694       1541838.80000
1695       1546675.10000
1696       1551525.50000
1697       1556390.00000
1698       1561268.80000
1699       1566161.80000
1700       1571069.20000
1701       1575990.80000
1702       1580926.80000
1703       1585877.10000
1704       1590842.00000
1705       1595821.20000
1706       1600815.00000
1707       1605823.40000
1708       1610846.30000
1709       1615883.90000
1710       1620936.10000
1711       1626003.00000
1712       1631084.70000
1713       1636181.10000
1714       1641292.40000
1715       1646418.50000
1716       1651559.60000
1717       1656715.50000
1718       1661886.50000
1719       1667072.40000
1720       1672273.40000
1721       1677489.60000
1722       1682720.80000
1723       1687967.20000
1724       1693228.90000
1725       1698505.80000
1726       1703798.00000
1727       1709105.50000
1728       1714428.40000
1729       1719766.70000
1730       1725120.50000
1731       1730489.80000
1732       1735874.60000
1733       1741275.00000
1734       1746691.00000
1735       1752122.70000
1736       1757570.10000
1737       1763033.20000
1738       1768512.20000
1739       1774006.90000
1740       1779517.50000
1741       1785044.00000
1742       1790586.50000
1743       1796145.00000
1744       1801719.50000
1745       1807310.00000
1746       1812916.70000
1747       1818539.60000
1748       1824178.70000
1749       1829834.00000
1750       1835505.60000
1751       1841193.50000
1752       1846897.80000
1753       1852618.50000
1754       1858355.70000
1755       1864109.30000
1756       1869879.60000
1757       1875666.40000
1758       1881469.80000
1759       1887289.90000
1760       1893126.70000
1761       1898980.30000
1762       1904850.70000
1763       1910738.00000
1764       1916642.10000
1765       1922563.20000
1766       1928501.20000
1767       1934456.30000
1768       1940428.50000
1769       1946417.70000
1770       1952424.10000
1771       1958447.70000
1772       1964488.60000
1773       1970546.80000
1774       1976622.20000
1775       1982715.10000
1776       1988825.40000
1777       1994953.20000
1778       2001098.40000
1779       2007261.30000
1780       2013441.70000
1781       2019639.80000
1782       2025855.60000
1783       2032089.10000
1784       2038340.50000
1785       2044609.60000
1786       2050896.60000
1787       2057201.60000
1788       2063524.50000
1789       2069865.50000
1790       2076224.50000
1791       2082601.70000
1792       2088996.90000
1793       2095410.40000
1794       2101842.20000
1795       2108292.20000
1796       2114760.60000
1797       2121247.40000
1798       2127752.60000
1799       2134276.30000
1800       2140818.60000
1801       2147379.40000
1802       2153958.90000
1803       2160557.00000
1804       2167173.90000
1805       2173809.50000
1806       2180464.00000
1807       2187137.30000
1808       2193829.50000
1809       2200540.70000
1810       2207271.00000
1811       2214020.30000
1812       2220788.70000
1813       2227576.20000
1814       2234383.00000
1815       2241209.00000
1816       2248054.40000
1817       2254919.10000
1818       2261803.20000
1819       2268706.70000
1820       2275629.80000
1821       2282572.40000
1822       2289534.60000
1823       2296516.50000
1824       2303518.10000
1825       2310539.40000
1826       2317580.60000
1827       2324641.60000
1828       2331722.50000
1829       2338823.30000
1830       2345944.20000
1831       2353085.10000
1832       2360246.10000
1833       2367427.30000
1834       2374628.70000
1835       2381850.40000
1836       2389092.40000
1837       2396354.70000
1838       2403637.50000
1839       2410940.70000
1840       2418264.50000
1841       2425608.80000
1842       2432973.70000
1843       2440359.30000
1844       2447765.70000
1845       2455192.80000
1846       2462640.80000
1847       2470109.60000
1848       2477599.40000
1849       2485110.20000
1850       2492642.00000
1851       2500194.90000
1852       2507768.90000
1853       2515364.20000
1854       2522980.70000
1855       2530618.50000
1856       2538277.70000
1857       2545958.30000
1858       2553660.40000
1859       2561384.00000
1860       2569129.20000
1861       2576896.00000
1862       2584684.50000
1863       2592494.70000
1864       2600326.80000
1865       2608180.60000
1866       2616056.40000
1867       2623954.20000
1868       2631873.90000
1869       2639815.80000
1870       2647779.70000
1871       2655765.90000
1872       2663774.20000
1873       2671804.90000
1874       2679857.90000
1875       2687933.30000
1876       2696031.20000
1877       2704151.60000
1878       2712294.50000
1879       2720460.10000
1880       2728648.40000
1881       2736859.40000
1882       2745093.20000
1883       2753349.80000
1884       2761629.40000
1885       2769931.90000
1886       2778257.50000
1887       2786606.10000
1888       2794977.90000
1889       2803372.90000
1890       2811791.10000
1891       2820232.60000
1892       2828697.50000
1893       2837185.90000
1894       2845697.70000
1895       2854233.00000
1896       2862792.00000
1897       2871374.60000
1898       2879981.00000
1899       2888611.10000
1900       2897265.00000
1901       2905942.90000
1902       2914644.70000
1903       2923370.50000
1904       2932120.40000
1905       2940894.40000
1906       2949692.60000
1907       2958515.10000
1908       2967361.80000
1909       2976233.00000
1910       2985128.50000
1911       2994048.60000
1912       3002993.20000
1913       3011962.40000
1914       3020956.30000
1915       3029975.00000
1916       3039018.40000
1917       3048086.60000
1918       3057179.80000
1919       3066298.00000
1920       3075441.20000
1921       3084609.50000
1922       3093803.00000
1923       3103021.70000
1924       3112265.60000
1925       3121535.00000
1926       3130829.70000
1927       3140149.90000
1928       3149495.60000
1929       3158866.90000
1930       3168263.90000
1931       3177686.60000
1932       3187135.10000
1933       3196609.40000
1934       3206109.70000
1935       3215635.90000
1936       3225188.10000
1937       3234766.50000
1938       3244371.00000
1939       3254001.70000
1940       3263658.70000
1941       3273342.10000
1942       3283051.90000
1943       3292788.20000
1944       3302551.00000
1945       3312340.50000
1946       3322156.60000
1947       3331999.40000
1948       3341869.10000
1949       3351765.60000
1950       3361689.10000
1951       3371639.60000
1952       3381617.10000
1953       3391621.80000
1954       3401653.70000
1955       3411712.80000
1956       3421799.20000
1957       3431913.10000
1958       3442054.40000
1959       3452223.30000
1960       3462419.70000
1961       3472643.80000
1962       3482895.70000
1963       3493175.30000
1964       3503482.80000
1965       3513818.20000
1966       3524181.60000
1967       3534573.10000
1968       3544992.70000
1969       3555440.60000
1970       3565916.60000
1971       3576421.10000
1972       3586953.90000
1973       3597515.20000
1974       3608105.00000
1975       3618723.50000
1976       3629370.60000
1977       3640046.50000
1978       3650751.20000
1979       3661484.70000
1980       3672247.30000
1981       3683038.80000
1982       3693859.50000
1983       3704709.30000
1984       3715588.30000
1985       3726496.60000
1986       3737434.40000
1987       3748401.50000
1988       3759398.20000
1989       3770424.40000
1990       3781480.30000
1991       3792566.00000
1992       3803681.40000
1993       3814826.70000
1994       3826001.90000
1995       3837207.20000
1996       3848442.50000
1997       3859707.90000
1998       3871003.60000
1999       3882329.60000
2000       3893686.00000
2001       3905072.80000
2002       3916490.10000
2003       3927938.00000
2004       3939416.60000
2005       3950925.90000
2006       3962466.00000
2007       3974036.90000
2008       3985638.80000
2009       3997271.80000
2010       4008935.80000
2011       4020631.00000
2012       4032357.50000
2013       4044115.20000
2014       4055904.40000
2015       4067725.00000
2016       4079577.20000
2017       4091461.00000
2018       4103376.50000
2019       4115323.70000
2020       4127302.80000
2021       4139313.80000
2022       4151356.70000
2023       4163431.80000
2024       4175539.00000
2025       4187678.40000
2026       4199850.10000
2027       4212054.10000
2028       4224290.60000
2029       4236559.70000
2030       4248861.30000
2031       4261195.60000
2032       4273562.60000
2033       4285962.50000
2034       4298395.30000
2035       4310861.00000
2036       4323359.90000
2037       4335891.80000
2038       4348457.00000
2039       4361055.40000
2040       4373687.30000
2041       4386352.50000
2042       4399051.30000
2043       4411783.70000
2044       4424549.80000
2045       4437349.70000
2046       4450183.30000
2047       4463050.90000
2048       4475952.60000
2049       4488888.20000
2050       4501858.10000
2051       4514862.10000
2052       4527900.50000
2053       4540973.30000
2054       4554080.60000
2055       4567222.40000
2056       4580398.80000
2057       4593610.00000
2058       4606856.00000
2059       4620136.80000
2060       4633452.60000
2061       4646803.50000
2062       4660189.40000
2063       4673610.60000
2064       4687067.00000
2065       4700558.80000
2066       4714086.10000
2067       4727648.90000
2068       4741247.30000
2069       4754881.40000
2070       4768551.30000
2071       4782257.00000
2072       4795998.70000
2073       4809776.40000
2074       4823590.20000
2075       4837440.20000
2076       4851326.50000
2077       4865249.20000
2078       4879208.30000
2079       4893203.90000
2080       4907236.10000
2081       4921305.00000
2082       4935410.70000
2083       4949553.30000
2084       4963732.80000
2085       4977949.30000
2086       4992203.00000
2087       5006493.90000
2088       5020822.00000
2089       5035187.50000
2090       5049590.50000
2091       5064031.10000
2092       5078509.20000
2093       5093025.10000
2094       5107578.80000
2095       5122170.40000
2096       5136800.00000
2097       5151467.60000
2098       5166173.40000
2099       5180917.40000
2100       5195699.70000
2101       5210520.50000
2102       5225379.80000
2103       5240277.60000
2104       5255214.10000
2105       5270189.40000
2106       5285203.60000
2107       5300256.60000
2108       5315348.80000
2109       5330480.00000
2110       5345650.40000
2111       5360860.20000
2112       5376109.30000
2113       5391397.90000
2114       5406726.10000
2115       5422093.90000
2116       5437501.40000
2117       5452948.80000
2118       5468436.20000
2119       5483963.50000
2120       5499531.00000
2121       5515138.60000
2122       5530786.50000
2123       5546474.90000
2124       5562203.60000
2125       5577973.00000
2126       5593783.00000
2127       5609633.70000
2128       5625525.30000
2129       5641457.80000
2130       5657431.40000
2131       5673446.00000
2132       5689501.90000
2133       5705599.00000
2134       5721737.60000
2135       5737917.60000
2136       5754139.20000
2137       5770402.50000
2138       5786707.50000
2139       5803054.40000
2140       5819443.30000
2141       5835874.20000
2142       5852347.20000
2143       5868862.50000
2144       5885420.10000
2145       5902020.20000
2146       5918662.70000
2147       5935347.90000
2148       5952075.80000
2149       5968846.50000
2150       5985660.10000
2151       6002516.70000
2152       6019416.40000
2153       6036359.30000
2154       6053345.40000
2155       6070375.00000
2156       6087448.00000
2157       6104564.60000
2158       6121724.90000
2159       6138928.90000
2160       6156176.90000
2161       6173468.70000
2162       6190804.70000
2163       6208184.80000
2164       6225609.20000
2165       6243077.90000
2166       6260591.10000
2167       6278148.90000
2168       6295751.30000
2169       6313398.40000
2170       6331090.40000
2171       6348827.40000
2172       6366609.40000
2173       6384436.50000
2174       6402308.90000
2175       6420226.70000
2176       6438189.90000
2177       6456198.70000
2178       6474253.10000
2179       6492353.30000
2180       6510499.30000
2181       6528691.30000
2182       6546929.30000
2183       6565213.50000
2184       6583543.90000
2185       6601920.80000
2186       6620344.00000
2187       6638813.90000
2188       6657330.40000
2189       6675893.70000
2190       6694503.80000
2191       6713161.00000
2192       6731865.20000
2193       6750616.60000
2194       6769415.20000
2195       6788261.30000
2196       6807154.90000
2197       6826096.00000
2198       6845084.90000
2199       6864121.60000
2200       6883206.10000
2201       6902338.70000
2202       6921519.50000
2203       6940748.40000
2204       6960025.70000
2205       6979351.40000
2206       6998725.60000
2207       7018148.50000
2208       7037620.20000
2209       7057140.70000
2210       7076710.20000
2211       7096328.70000
2212       7115996.50000
2213       7135713.50000
2214       7155479.90000
2215       7175295.80000
2216       7195161.30000
2217       7215076.60000
2218       7235041.60000
2219       7255056.60000
2220       7275121.70000
2221       7295236.90000
2222       7315402.30000
2223       7335618.10000
2224       7355884.40000
2225       7376201.30000
2226       7396568.80000
2227       7416987.20000
2228       7437456.50000
2229       7457976.80000
2230       7478548.30000
2231       7499170.90000
2232       7519845.00000
2233       7540570.50000
2234       7561347.60000
2235       7582176.40000
2236       7603056.90000
2237       7623989.40000
2238       7644973.90000
2239       7666010.60000
2240       7687099.40000
2241       7708240.70000
2242       7729434.40000
2243       7750680.70000
2244       7771979.70000
2245       7793331.50000
2246       7814736.20000
2247       7836194.00000
2248       7857704.90000
2249       7879269.00000
2250       7900886.60000
2251       7922557.60000
2252       7944282.30000
2253       7966060.60000
2254       7987892.80000
2255       8009779.00000
2256       8031719.20000
2257       8053713.60000
2258       8075762.30000
2259       8097865.40000
2260       8120023.00000
2261       8142235.30000
2262       8164502.30000
2263       8186824.20000
2264       8209201.10000
2265       8231633.10000
2266       8254120.30000
2267       8276662.90000
2268       8299261.00000
2269       8321914.60000
2270       8344623.90000
2271       8367389.00000
2272       8390210.10000
2273       8413087.20000
2274       8436020.50000
2275       8459010.10000
2276       8482056.10000
2277       8505158.60000
2278       8528317.80000
2279       8551533.70000
2280       8574806.50000
2281       8598136.30000
2282       8621523.30000
2283       8644967.50000
2284       8668469.10000
2285       8692028.10000
2286       8715644.80000
2287       8739319.20000
2288       8763051.40000
2289       8786841.60000
2290       8810690.00000
2291       8834596.50000
2292       8858561.40000
2293       8882584.70000
2294       8906666.70000
2295       8930807.30000
2296       8955006.80000
2297       8979265.20000
2298       9003582.70000
2299       9027959.40000
2300       9052395.40000
2301       9076890.90000
2302       9101446.00000
2303       9126060.70000
2304       9150735.30000
2305       9175469.80000
2306       9200264.40000
2307       9225119.20000
2308       9250034.30000
2309       9275009.90000
2310       9300046.10000
2311       9325142.90000
2312       9350300.60000
2313       9375519.20000
2314       9400798.90000
2315       9426139.90000
2316       9451542.10000
2317       9477005.90000
2318       9502531.20000
2319       9528118.20000
2320       9553767.10000
2321       9579477.90000
2322       9605250.90000
2323       9631086.10000
2324       9656983.60000
2325       9682943.70000
2326       9708966.30000
2327       9735051.70000
2328       9761200.00000
2329       9787411.30000
2330       9813685.70000
2331       9840023.40000
2332       9866424.50000
2333       9892889.20000
2334       9919417.40000
2335       9946009.50000
2336       9972665.50000
2337       9999385.60000
2338      10026170.00000
2339      10053018.00000
2340      10079931.00000
2341      10106909.00000
2342      10133951.00000
2343      10161058.00000
2344      10188231.00000
2345      10215468.00000
2346      10242770.00000
2347      10270138.00000
2348      10297572.00000
2349      10325071.00000
2350      10352635.00000
2351      10380266.00000
2352      10407963.00000
2353      10435726.00000
2354      10463555.00000
2355      10491451.00000
2356      10519413.00000
2357      10547442.00000
2358      10575538.00000
2359      10603701.00000
2360      10631931.00000
2361      10660229.00000
2362      10688594.00000
2363      10717026.00000
2364      10745526.00000
2365      10774094.00000
2366      10802729.00000
2367      10831433.00000
2368      10860205.00000
2369      10889046.00000
2370      10917955.00000
2371      10946933.00000
2372      10975979.00000
2373      11005095.00000
2374      11034279.00000
2375      11063533.00000
2376      11092856.00000
2377      11122248.00000
2378      11151710.00000
2379      11181242.00000
2380      11210844.00000
2381      11240516.00000
2382      11270258.00000
2383      11300070.00000
2384      11329953.00000
2385      11359907.00000
2386      11389931.00000
2387      11420026.00000
2388      11450192.00000
2389      11480430.00000
2390      11510739.00000
2391      11541119.00000
2392      11571571.00000
2393      11602094.00000
2394      11632690.00000
2395      11663357.00000
2396      11694097.00000
2397      11724909.00000
2398      11755794.00000
2399      11786751.00000
2400      11817781.00000
2401      11848884.00000
2402      11880059.00000
2403      11911309.00000
2404      11942631.00000
2405      11974027.00000
2406      12005497.00000
2407      12037040.00000
2408      12068658.00000
2409      12100349.00000
2410      12132115.00000
2411      12163955.00000
2412      12195870.00000
2413      12227859.00000
2414      12259923.00000
2415      12292062.00000
2416      12324276.00000
2417      12356566.00000
2418      12388931.00000
2419      12421371.00000
2420      12453888.00000
2421      12486480.00000
2422      12519148.00000
2423      12551892.00000
2424      12584713.00000
2425      12617610.00000
2426      12650584.00000
2427      12683634.00000
2428      12716762.00000
2429      12749966.00000
2430      12783248.00000
2431      12816607.00000
2432      12850044.00000
2433      12883558.00000
2434      12917150.00000
2435      12950821.00000
2436      12984569.00000
2437      13018396.00000
2438      13052301.00000
2439      13086285.00000
2440      13120347.00000
2441      13154488.00000
2442      13188709.00000
2443      13223009.00000
2444      13257388.00000
2445      13291846.00000
2446      13326385.00000
2447      13361003.00000
2448      13395701.00000
2449      13430480.00000
2450      13465338.00000
2451      13500277.00000
2452      13535297.00000
2453      13570398.00000
2454      13605579.00000
2455      13640842.00000
2456      13676186.00000
2457      13711611.00000
2458      13747118.00000
2459      13782707.00000
2460      13818377.00000
2461      13854130.00000
2462      13889965.00000
2463      13925882.00000
2464      13961882.00000
2465      13997964.00000
2466      14034129.00000
2467      14070378.00000
2468      14106709.00000
2469      14143124.00000
2470      14179622.00000
2471      14216204.00000
2472      14252870.00000
2473      14289620.00000
2474      14326454.00000
2475      14363372.00000
2476      14400375.00000
2477      14437462.00000
2478      14474634.00000
2479      14511891.00000
2480      14549234.00000
2481      14586661.00000
2482      14624174.00000
2483      14661773.00000
2484      14699457.00000
2485      14737227.00000
2486      14775084.00000
2487      14813026.00000
2488      14851056.00000
2489      14889171.00000
2490      14927374.00000
2491      14965663.00000
2492      15004040.00000
2493      15042504.00000
2494      15081055.00000
2495      15119694.00000
2496      15158421.00000
2497      15197235.00000
2498      15236138.00000
2499      15275129.00000
2500      15314209.00000