   1            13.25894
   2            24.14402
   3            35.11879
   4            46.11403
   5            57.11719
   6            68.12425
   7            79.13354
   8            90.14420
   9           101.15580
  10           112.16805
  11           123.18078
  12           134.19387
  13           145.20726
  14           156.22087
  15           167.23468
  16           178.24864
  17           189.26274
  18           200.27696
  19           211.29128
  20           222.30569
  21           233.32018
  22           244.33475
  23           255.34939
  24           266.36409
  25           277.37885
  26           288.39367
  27           299.40853
  28           310.42345
  29           321.43841
  30           332.45342
  31           343.46847
  32           354.48356
  33           365.49870
  34           376.51387
  35           387.52908
  36           398.54433
  37           409.55961
  38           420.57493
  39           431.59028
  40           442.60567
  41           453.62109
  42           464.63655
  43           475.65203
  44           486.66755
  45           497.68311
  46           508.69869
  47           519.71430
  48           530.72995
  49           541.74563
  50           552.76134
  51           563.77708
  52           574.79285
  53           585.80865
  54           596.82449
  55           607.84036
  56           618.85626
  57           629.87219
  58           640.88816
  59           651.90416
  60           662.92020
  61           673.93628
  62           684.95241
  63           695.96858
  64           706.98480
  65           718.00107
  66           729.01740
  67           740.03380
  68           751.05026
  69           762.06681
  70           773.08344
  71           784.10016
  72           795.11699
  73           806.13395
  74           817.15103
  75           828.16827
  76           839.18566
  77           850.20325
  78           861.22104
  79           872.23905
  80           883.25732
  81           894.27587
  82           905.29472
  83           916.31392
  84           927.33349
  85           938.35348
  86           949.37391
  87           960.39484
  88           971.41631
  89           982.43837
  90           993.46106
  91          1004.48445
  92          1015.50860
  93          1026.53356
  94          1037.55940
  95          1048.58618
  96          1059.61399
  97          1070.64290
  98          1081.67297
  99          1092.70431
 100          1103.73700
 101          1114.77112
 102          1125.80677
 103          1136.84405
 104          1147.88306
 105          1158.92391
 106          1169.96670
 107          1181.01156
 108          1192.05860
 109          1203.10793
 110          1214.15970
 111          1225.21402
 112          1236.27102
 113          1247.33086
 114          1258.39366
 115          1269.45957
 116          1280.52874
 117          1291.60132
 118          1302.67746
 119          1313.75734
 120          1324.84109
 121          1335.92891
 122          1347.02094
 123          1358.11737
 124          1369.21838
 125          1380.32413
 126          1391.43482
 127          1402.55062
 128          1413.67173
 129          1424.79834
 130          1435.93065
 131          1447.06884
 132          1458.21312
 133          1469.36369
 134          1480.52076
 135          1491.68454
 136          1502.85523
 137          1514.03304
 138          1525.21820
 139          1536.41091
 140          1547.61140
 141          1558.81989
 142          1570.03659
 143          1581.26174
 144          1592.49557
 145          1603.73829
 146          1614.99014
 147          1626.25135
 148          1637.52215
 149          1648.80278
 150          1660.09348
 151          1671.39447
 152          1682.70600
 153          1694.02832
 154          1705.36164
 155          1716.70623
 156          1728.06232
 157          1739.43016
 158          1750.80999
 159          1762.20204
 160          1773.60658
 161          1785.02385
 162          1796.45409
 163          1807.89754
 164          1819.35447
 165          1830.82511
 166          1842.30972
 167          1853.80854
 168          1865.32182
 169          1876.84981
 170          1888.39276
 171          1899.95093
 172          1911.52455
 173          1923.11388
 174          1934.71918
 175          1946.34068
 176          1957.97864
 177          1969.63331
 178          1981.30494
 179          1992.99377
 180          2004.70006
 181          2016.42405
 182          2028.16600
 183          2039.92614
 184          2051.70473
 185          2063.50202
 186          2075.31825
 187          2087.15366
 188          2099.00851
 189          2110.88304
 190          2122.77749
 191          2134.69211
 192          2146.62714
 193          2158.58283
 194          2170.55942
 195          2182.55714
 196          2194.57625
 197          2206.61698
 198          2218.67957
 199          2230.76426
 200          2242.87129
 201          2255.00090
 202          2267.15333
 203          2279.32880
 204          2291.52757
 205          2303.74986
 206          2315.99591
 207          2328.26595
 208          2340.56021
 209          2352.87893
 210          2365.22233
 211          2377.59066
 212          2389.98413
 213          2402.40298
 214          2414.84744
 215          2427.31773
 216          2439.81408
 217          2452.33671
 218          2464.88586
 219          2477.46173
 220          2490.06457
 221          2502.69459
 222          2515.35201
 223          2528.03705
 224          2540.74993
 225          2553.49088
 226          2566.26011
 227          2579.05784
 228          2591.88428
 229          2604.73966
 230          2617.62419
 231          2630.53807
 232          2643.48153
 233          2656.45479
 234          2669.45804
 235          2682.49150
 236          2695.55539
 237          2708.64991
 238          2721.77528
 239          2734.93169
 240          2748.11936
 241          2761.33850
 242          2774.58931
 243          2787.87199
 244          2801.18676
 245          2814.53381
 246          2827.91335
 247          2841.32558
 248          2854.77070
 249          2868.24892
 250          2881.76043
 251          2895.30543
 252          2908.88413
 253          2922.49672
 254          2936.14339
 255          2949.82435
 256          2963.53979
 257          2977.28991
 258          2991.07490
 259          3004.89496
 260          3018.75028
 261          3032.64105
 262          3046.56747
 263          3060.52972
 264          3074.52801
 265          3088.56251
 266          3102.63342
 267          3116.74094
 268          3130.88524
 269          3145.06651
 270          3159.28495
 271          3173.54075
 272          3187.83408
 273          3202.16513
 274          3216.53410
 275          3230.94115
 276          3245.38649
 277          3259.87030
 278          3274.39274
 279          3288.95402
 280          3303.55432
 281          3318.19380
 282          3332.87267
 283          3347.59109
 284          3362.34925
 285          3377.14732
 286          3391.98550
 287          3406.86395
 288          3421.78286
 289          3436.74241
 290          3451.74276
 291          3466.78411
 292          3481.86663
 293          3496.99049
 294          3512.15587
 295          3527.36295
 296          3542.61190
 297          3557.90290
 298          3573.23613
 299          3588.61175
 300          3604.02994
 301          3619.49088
 302          3634.99474
 303          3650.54169
 304          3666.13191
 305          3681.76557
 306          3697.44283
 307          3713.16388
 308          3728.92889
 309          3744.73801
 310          3760.59144
 311          3776.48933
 312          3792.43186
 313          3808.41920
 314          3824.45151
 315          3840.52898
 316          3856.65176
 317          3872.82002
 318          3889.03395
 319          3905.29369
 320          3921.59943
 321          3937.95133
 322          3954.34956
 323          3970.79428
 324          3987.28567
 325          4003.82389
 326          4020.40910
 327          4037.04149
 328          4053.72120
 329          4070.44842
 330          4087.22330
 331          4104.04601
 332          4120.91672
 333          4137.83559
 334          4154.80280
 335          4171.81850
 336          4188.88286
 337          4205.99604
 338          4223.15822
 339          4240.36955
 340          4257.63020
 341          4274.94034
 342          4292.30013
 343          4309.70973
 344          4327.16931
 345          4344.67904
 346          4362.23908
 347          4379.84958
 348          4397.51072
 349          4415.22267
 350          4432.98557
 351          4450.79960
 352          4468.66493
 353          4486.58170
 354          4504.55010
 355          4522.57028
 356          4540.64240
 357          4558.76663
 358          4576.94313
 359          4595.17207
 360          4613.45360
 361          4631.78789
 362          4650.17511
 363          4668.61542
 364          4687.10897
 365          4705.65594
 366          4724.25648
 367          4742.91076
 368          4761.61894
 369          4780.38119
 370          4799.19766
 371          4818.06852
 372          4836.99394
 373          4855.97407
 374          4875.00907
 375          4894.09912
 376          4913.24438
 377          4932.44499
 378          4951.70114
 379          4971.01298
 380          4990.38068
 381          5009.80439
 382          5029.28429
 383          5048.82052
 384          5068.41327
 385          5088.06268
 386          5107.76893
 387          5127.53217
 388          5147.35257
 389          5167.23029
 390          5187.16550
 391          5207.15836
 392          5227.20902
 393          5247.31767
 394          5267.48445
 395          5287.70953
 396          5307.99307
 397          5328.33525
 398          5348.73622
 399          5369.19614
 400          5389.71519
 401          5410.29351
 402          5430.93129
 403          5451.62868
 404          5472.38584
 405          5493.20294
 406          5514.08015
 407          5535.01762
 408          5556.01553
 409          5577.07404
 410          5598.19330
 411          5619.37350
 412          5640.61478
 413          5661.91733
 414          5683.28129
 415          5704.70684
 416          5726.19414
 417          5747.74336
 418          5769.35466
 419          5791.02821
 420          5812.76417
 421          5834.56272
 422          5856.42400
 423          5878.34820
 424          5900.33548
 425          5922.38600
 426          5944.49993
 427          5966.67744
 428          5988.91869
 429          6011.22386
 430          6033.59310
 431          6056.02658
 432          6078.52448
 433          6101.08695
 434          6123.71417
 435          6146.40631
 436          6169.16352
 437          6191.98599
 438          6214.87388
 439          6237.82735
 440          6260.84657
 441          6283.93172
 442          6307.08296
 443          6330.30046
 444          6353.58439
 445          6376.93492
 446          6400.35221
 447          6423.83644
 448          6447.38778
 449          6471.00640
 450          6494.69246
 451          6518.44615
 452          6542.26761
 453          6566.15704
 454          6590.11459
 455          6614.14045
 456          6638.23477
 457          6662.39773
 458          6686.62951
 459          6710.93027
 460          6735.30019
 461          6759.73944
 462          6784.24818
 463          6808.82660
 464          6833.47486
 465          6858.19314
 466          6882.98161
 467          6907.84045
 468          6932.76982
 469          6957.76990
 470          6982.84086
 471          7007.98288
 472          7033.19613
 473          7058.48079
 474          7083.83702
 475          7109.26501
 476          7134.76493
 477          7160.33696
 478          7185.98126
 479          7211.69802
 480          7237.48741
 481          7263.34960
 482          7289.28478
 483          7315.29312
 484          7341.37479
 485          7367.52997
 486          7393.75884
 487          7420.06157
 488          7446.43835
 489          7472.88935
 490          7499.41474
 491          7526.01471
 492          7552.68944
 493          7579.43910
 494          7606.26387
 495          7633.16392
 496          7660.13945
 497          7687.19062
 498          7714.31763
 499          7741.52064
 500          7768.79983
 501          7796.15540
 502          7823.58751
 503          7851.09635
 504          7878.68209
 505          7906.34493
 506          7934.08504
 507          7961.90260
 508          7989.79780
 509          8017.77082
 510          8045.82183
 511          8073.95102
 512          8102.15858
 513          8130.44469
 514          8158.80952
 515          8187.25327
 516          8215.77612
 517          8244.37824
 518          8273.05983
 519          8301.82108
 520          8330.66215
 521          8359.58325
 522          8388.58455
 523          8417.66624
 524          8446.82850
 525          8476.07153
 526          8505.39550
 527          8534.80060
 528          8564.28703
 529          8593.85496
 530          8623.50459
 531          8653.23610
 532          8683.04967
 533          8712.94551
 534          8742.92378
 535          8772.98470
 536          8803.12843
 537          8833.35517
 538          8863.66511
 539          8894.05845
 540          8924.53536
 541          8955.09604
 542          8985.74068
 543          9016.46946
 544          9047.28259
 545          9078.18025
 546          9109.16263
 547          9140.22992
 548          9171.38232
 549          9202.62001
 550          9233.94320
 551          9265.35206
 552          9296.84680
 553          9328.42761
 554          9360.09468
 555          9391.84820
 556          9423.68837
 557          9455.61539
 558          9487.62944
 559          9519.73072
 560          9551.91942
 561          9584.19575
 562          9616.55990
 563          9649.01206
 564          9681.55242
 565          9714.18119
 566          9746.89857
 567          9779.70474
 568          9812.59990
 569          9845.58426
 570          9878.65801
 571          9911.82135
 572          9945.07447
 573          9978.41758
 574         10011.85090
 575         10045.37450
 576         10078.98880
 577         10112.69380
 578         10146.48980
 579         10180.37700
 580         10214.35560
 581         10248.42580
 582         10282.58770
 583         10316.84170
 584         10351.18780
 585         10385.62630
 586         10420.15740
 587         10454.78130
 588         10489.49810
 589         10524.30820
 590         10559.21170
 591         10594.20880
 592         10629.29970
 593         10664.48460
 594         10699.76370
 595         10735.13730
 596         10770.60540
 597         10806.16840
 598         10841.82650
 599         10877.57980
 600         10913.42850
 601         10949.37290
 602         10985.41310
 603         11021.54950
 604         11057.78210
 605         11094.11110
 606         11130.53690
 607         11167.05960
 608         11203.67940
 609         11240.39650
 610         11277.21110
 611         11314.12350
 612         11351.13380
 613         11388.24230
 614         11425.44910
 615         11462.75450
 616         11500.15870
 617         11537.66190
 618         11575.26430
 619         11612.96610
 620         11650.76760
 621         11688.66890
 622         11726.67020
 623         11764.77190
 624         11802.97400
 625         11841.27680
 626         11879.68050
 627         11918.18540
 628         11956.79160
 629         11995.49930
 630         12034.30880
 631         12073.22040
 632         12112.23410
 633         12151.35020
 634         12190.56890
 635         12229.89050
 636         12269.31520
 637         12308.84320
 638         12348.47460
 639         12388.20980
 640         12428.04890
 641         12467.99220
 642         12508.03980
 643         12548.19210
 644         12588.44910
 645         12628.81120
 646         12669.27850
 647         12709.85130
 648         12750.52980
 649         12791.31420
 650         12832.20480
 651         12873.20170
 652         12914.30520
 653         12955.51540
 654         12996.83270
 655         13038.25730
 656         13079.78930
 657         13121.42900
 658         13163.17660
 659         13205.03240
 660         13246.99650
 661         13289.06920
 662         13331.25080
 663         13373.54130
 664         13415.94110
 665         13458.45050
 666         13501.06950
 667         13543.79850
 668         13586.63760
 669         13629.58720
 670         13672.64730
 671         13715.81830
 672         13759.10040
 673         13802.49380
 674         13845.99880
 675         13889.61550
 676         13933.34420
 677         13977.18510
 678         14021.13850
 679         14065.20450
 680         14109.38350
 681         14153.67560
 682         14198.08110
 683         14242.60020
 684         14287.23320
 685         14331.98020
 686         14376.84150
 687         14421.81740
 688         14466.90810
 689         14512.11370
 690         14557.43460
 691         14602.87100
 692         14648.42300
 693         14694.09100
 694         14739.87520
 695         14785.77580
 696         14831.79310
 697         14877.92720
 698         14924.17850
 699         14970.54710
 700         15017.03330
 701         15063.63740
 702         15110.35950
 703         15157.19990
 704         15204.15890
 705         15251.23670
 706         15298.43340
 707         15345.74950
 708         15393.18510
 709         15440.74040
 710         15488.41560
 711         15536.21120
 712         15584.12710
 713         15632.16380
 714         15680.32150
 715         15728.60030
 716         15777.00060
 717         15825.52250
 718         15874.16640
 719         15922.93240
 720         15971.82080
 721         16020.83190
 722         16069.96590
 723         16119.22300
 724         16168.60350
 725         16218.10760
 726         16267.73560
 727         16317.48780
 728         16367.36430
 729         16417.36540
 730         16467.49140
 731         16517.74250
 732         16568.11890
 733         16618.62100
 734         16669.24890
 735         16720.00290
 736         16770.88330
 737         16821.89020
 738         16873.02410
 739         16924.28500
 740         16975.67330
 741         17027.18910
 742         17078.83290
 743         17130.60470
 744         17182.50490
 745         17234.53370
 746         17286.69130
 747         17338.97810
 748         17391.39430
 749         17443.94000
 750         17496.61570
 751         17549.42140
 752         17602.35760
 753         17655.42440
 754         17708.62210
 755         17761.95090
 756         17815.41110
 757         17869.00310
 758         17922.72690
 759         17976.58290
 760         18030.57130
 761         18084.69240
 762         18138.94650
 763         18193.33380
 764         18247.85450
 765         18302.50900
 766         18357.29740
 767         18412.22010
 768         18467.27730
 769         18522.46920
 770         18577.79620
 771         18633.25850
 772         18688.85630
 773         18744.58990
 774         18800.45960
 775         18856.46560
 776         18912.60820
 777         18968.88770
 778         19025.30430
 779         19081.85830
 780         19138.54990
 781         19195.37950
 782         19252.34720
 783         19309.45340
 784         19366.69830
 785         19424.08220
 786         19481.60530
 787         19539.26790
 788         19597.07030
 789         19655.01280
 790         19713.09550
 791         19771.31890
 792         19829.68300
 793         19888.18830
 794         19946.83500
 795         20005.62340
 796         20064.55370
 797         20123.62610
 798         20182.84110
 799         20242.19880
 800         20301.69940
 801         20361.34340
 802         20421.13090
 803         20481.06230
 804         20541.13770
 805         20601.35750
 806         20661.72200
 807         20722.23140
 808         20782.88600
 809         20843.68600
 810         20904.63180
 811         20965.72360
 812         21026.96170
 813         21088.34630
 814         21149.87780
 815         21211.55650
 816         21273.38250
 817         21335.35620
 818         21397.47790
 819         21459.74770
 820         21522.16610
 821         21584.73330
 822         21647.44960
 823         21710.31520
 824         21773.33040
 825         21836.49560
 826         21899.81090
 827         21963.27670
 828         22026.89330
 829         22090.66090
 830         22154.57980
 831         22218.65030
 832         22282.87260
 833         22347.24720
 834         22411.77420
 835         22476.45390
 836         22541.28660
 837         22606.27270
 838         22671.41230
 839         22736.70580
 840         22802.15340
 841         22867.75550
 842         22933.51240
 843         22999.42420
 844         23065.49130
 845         23131.71410
 846         23198.09270
 847         23264.62740
 848         23331.31870
 849         23398.16660
 850         23465.17170
 851         23532.33400
 852         23599.65390
 853         23667.13180
 854         23734.76780
 855         23802.56240
 856         23870.51570
 857         23938.62800
 858         24006.89980
 859         24075.33120
 860         24143.92250
 861         24212.67410
 862         24281.58620
 863         24350.65920
 864         24419.89330
 865         24489.28880
 866         24558.84600
 867         24628.56520
 868         24698.44680
 869         24768.49090
 870         24838.69790
 871         24909.06820
 872         24979.60190
 873         25050.29940
 874         25121.16100
 875         25192.18700
 876         25263.37770
 877         25334.73340
 878         25406.25440
 879         25477.94090
 880         25549.79340
 881         25621.81200
 882         25693.99710
 883         25766.34900
 884         25838.86810
 885         25911.55450
 886         25984.40860
 887         26057.43070
 888         26130.62110
 889         26203.98020
 890         26277.50810
 891         26351.20530
 892         26425.07200
 893         26499.10860
 894         26573.31520
 895         26647.69230
 896         26722.24020
 897         26796.95910
 898         26871.84940
 899         26946.91140
 900         27022.14530
 901         27097.55160
 902         27173.13040
 903         27248.88210
 904         27324.80710
 905         27400.90560
 906         27477.17790
 907         27553.62440
 908         27630.24530
 909         27707.04100
 910         27784.01180
 911         27861.15800
 912         27938.47990
 913         28015.97780
 914         28093.65210
 915         28171.50300
 916         28249.53080
 917         28327.73600
 918         28406.11870
 919         28484.67940
 920         28563.41830
 921         28642.33570
 922         28721.43190
 923         28800.70740
 924         28880.16230
 925         28959.79710
 926         29039.61200
 927         29119.60730
 928         29199.78340
 929         29280.14060
 930         29360.67920
 931         29441.39950
 932         29522.30190
 933         29603.38660
 934         29684.65400
 935         29766.10450
 936         29847.73820
 937         29929.55560
 938         30011.55700
 939         30093.74270
 940         30176.11310
 941         30258.66830
 942         30341.40890
 943         30424.33500
 944         30507.44710
 945         30590.74540
 946         30674.23030
 947         30757.90210
 948         30841.76110
 949         30925.80770
 950         31010.04210
 951         31094.46480
 952         31179.07600
 953         31263.87610
 954         31348.86540
 955         31434.04420
 956         31519.41280
 957         31604.97170
 958         31690.72110
 959         31776.66130
 960         31862.79270
 961         31949.11560
 962         32035.63030
 963         32122.33730
 964         32209.23670
 965         32296.32900
 966         32383.61450
 967         32471.09350
 968         32558.76630
 969         32646.63330
 970         32734.69480
 971         32822.95120
 972         32911.40280
 973         33000.04990
 974         33088.89290
 975         33177.93200
 976         33267.16770
 977         33356.60030
 978         33446.23010
 979         33536.05750
 980         33626.08280
 981         33716.30630
 982         33806.72830
 983         33897.34930
 984         33988.16960
 985         34079.18940
 986         34170.40920
 987         34261.82930
 988         34353.45000
 989         34445.27160
 990         34537.29460
 991         34629.51920
 992         34721.94590
 993         34814.57490
 994         34907.40660
 995         35000.44130
 996         35093.67940
 997         35187.12120
 998         35280.76710
 999         35374.61740
1000         35468.67250
1001         35562.93280
1002         35657.39850
1003         35752.07000
1004         35846.94760
1005         35942.03180
1006         36037.32290
1007         36132.82120
1008         36228.52700
1009         36324.44080
1010         36420.56280
1011         36516.89340
1012         36613.43310
1013         36710.18200
1014         36807.14070
1015         36904.30930
1016         37001.68840
1017         37099.27820
1018         37197.07910
1019         37295.09150
1020         37393.31560
1021         37491.75200
1022         37590.40080
1023         37689.26250
1024         37788.33750
1025         37887.62610
1026         37987.12860
1027         38086.84540
1028         38186.77690
1029         38286.92350
1030         38387.28540
1031         38487.86310
1032         38588.65690
1033         38689.66710
1034         38790.89420
1035         38892.33850
1036         38994.00040
1037         39095.88020
1038         39197.97820
1039         39300.29490
1040         39402.83070
1041         39505.58580
1042         39608.56060
1043         39711.75560
1044         39815.17100
1045         39918.80720
1046         40022.66470
1047         40126.74380
1048         40231.04470
1049         40335.56800
1050         40440.31400
1051         40545.28300
1052         40650.47550
1053         40755.89170
1054         40861.53200
1055         40967.39690
1056         41073.48670
1057         41179.80180
1058         41286.34250
1059         41393.10920
1060         41500.10230
1061         41607.32210
1062         41714.76910
1063         41822.44350
1064         41930.34590
1065         42038.47650
1066         42146.83570
1067         42255.42390
1068         42364.24160
1069         42473.28890
1070         42582.56640
1071         42692.07440
1072         42801.81330
1073         42911.78340
1074         43021.98520
1075         43132.41900
1076         43243.08520
1077         43353.98420
1078         43465.11640
1079         43576.48200
1080         43688.08160
1081         43799.91560
1082         43911.98410
1083         44024.28780
1084         44136.82690
1085         44249.60180
1086         44362.61300
1087         44475.86070
1088         44589.34550
1089         44703.06760
1090         44817.02740
1091         44931.22540
1092         45045.66190
1093         45160.33740
1094         45275.25210
1095         45390.40650
1096         45505.80100
1097         45621.43600
1098         45737.31180
1099         45853.42880
1100         45969.78750
1101         46086.38820
1102         46203.23130
1103         46320.31710
1104         46437.64620
1105         46555.21890
1106         46673.03550
1107         46791.09660
1108         46909.40230
1109         47027.95330
1110         47146.74970
1111         47265.79210
1112         47385.08090
1113         47504.61640
1114         47624.39900
1115         47744.42910
1116         47864.70720
1117         47985.23350
1118         48106.00860
1119         48227.03280
1120         48348.30650
1121         48469.83010
1122         48591.60400
1123         48713.62870
1124         48835.90440
1125         48958.43160
1126         49081.21080
1127         49204.24220
1128         49327.52640
1129         49451.06370
1130         49574.85440
1131         49698.89910
1132         49823.19820
1133         49947.75190
1134         50072.56080
1135         50197.62520
1136         50322.94560
1137         50448.52230
1138         50574.35570
1139         50700.44630
1140         50826.79450
1141         50953.40060
1142         51080.26510
1143         51207.38840
1144         51334.77090
1145         51462.41300
1146         51590.31510
1147         51718.47770
1148         51846.90110
1149         51975.58570
1150         52104.53200
1151         52233.74030
1152         52363.21110
1153         52492.94480
1154         52622.94190
1155         52753.20260
1156         52883.72750
1157         53014.51690
1158         53145.57130
1159         53276.89110
1160         53408.47660
1161         53540.32840
1162         53672.44680
1163         53804.83220
1164         53937.48510
1165         54070.40590
1166         54203.59500
1167         54337.05280
1168         54470.77970
1169         54604.77620
1170         54739.04260
1171         54873.57950
1172         55008.38720
1173         55143.46610
1174         55278.81660
1175         55414.43930
1176         55550.33440
1177         55686.50250
1178         55822.94400
1179         55959.65920
1180         56096.64860
1181         56233.91260
1182         56371.45170
1183         56509.26630
1184         56647.35680
1185         56785.72360
1186         56924.36710
1187         57063.28790
1188         57202.48630
1189         57341.96270
1190         57481.71760
1191         57621.75130
1192         57762.06440
1193         57902.65730
1194         58043.53040
1195         58184.68410
1196         58326.11880
1197         58467.83510
1198         58609.83320
1199         58752.11370
1200         58894.67700
1201         59037.52360
1202         59180.65370
1203         59324.06800
1204         59467.76680
1205         59611.75060
1206         59756.01970
1207         59900.57470
1208         60045.41600
1209         60190.54400
1210         60335.95910
1211         60481.66180
1212         60627.65260
1213         60773.93180
1214         60920.49990
1215         61067.35730
1216         61214.50460
1217         61361.94210
1218         61509.67020
1219         61657.68950
1220         61806.00030
1221         61954.60310
1222         62103.49840
1223         62252.68650
1224         62402.16800
1225         62551.94330
1226         62702.01270
1227         62852.37690
1228         63003.03610
1229         63153.99090
1230         63305.24180
1231         63456.78900
1232         63608.63320
1233         63760.77480
1234         63913.21410
1235         64065.95170
1236         64218.98800
1237         64372.32340
1238         64525.95850
1239         64679.89360
1240         64834.12920
1241         64988.66570
1242         65143.50370
1243         65298.64350
1244         65454.08570
1245         65609.83060
1246         65765.87870
1247         65922.23060
1248         66078.88660
1249         66235.84710
1250         66393.11270
1251         66550.68390
1252         66708.56090
1253         66866.74440
1254         67025.23480
1255         67184.03260
1256         67343.13810
1257         67502.55190
1258         67662.27440
1259         67822.30600
1260         67982.64740
1261         68143.29880
1262         68304.26080
1263         68465.53380
1264         68627.11830
1265         68789.01470
1266         68951.22360
1267         69113.74540
1268         69276.58050
1269         69439.72940
1270         69603.19260
1271         69766.97050
1272         69931.06360
1273         70095.47240
1274         70260.19740
1275         70425.23900
1276         70590.59760
1277         70756.27380
1278         70922.26800
1279         71088.58080
1280         71255.21240
1281         71422.16350
1282         71589.43450
1283         71757.02590
1284         71924.93810
1285         72093.17170
1286         72261.72700
1287         72430.60460
1288         72599.80500
1289         72769.32850
1290         72939.17580
1291         73109.34720
1292         73279.84330
1293         73450.66440
1294         73621.81120
1295         73793.28410
1296         73965.08340
1297         74137.20990
1298         74309.66380
1299         74482.44570
1300         74655.55610
1301         74828.99540
1302         75002.76420
1303         75176.86290
1304         75351.29190
1305         75526.05190
1306         75701.14320
1307         75876.56630
1308         76052.32180
1309         76228.41000
1310         76404.83160
1311         76581.58690
1312         76758.67650
1313         76936.10090
1314         77113.86040
1315         77291.95570
1316         77470.38720
1317         77649.15540
1318         77828.26080
1319         78007.70390
1320         78187.48510
1321         78367.60500
1322         78548.06400
1323         78728.86270
1324         78910.00140
1325         79091.48080
1326         79273.30130
1327         79455.46340
1328         79637.96760
1329         79820.81440
1330         80004.00430
1331         80187.53770
1332         80371.41530
1333         80555.63740
1334         80740.20450
1335         80925.11720
1336         81110.37600
1337         81295.98130
1338         81481.93370
1339         81668.23360
1340         81854.88160
1341         82041.87810
1342         82229.22360
1343         82416.91880
1344         82604.96390
1345         82793.35960
1346         82982.10640
1347         83171.20470
1348         83360.65510
1349         83550.45800
1350         83740.61400
1351         83931.12360
1352         84121.98720
1353         84313.20540
1354         84504.77870
1355         84696.70760
1356         84888.99260
1357         85081.63420
1358         85274.63290
1359         85467.98920
1360         85661.70360
1361         85855.77670
1362         86050.20890
1363         86245.00080
1364         86440.15280
1365         86635.66550
1366         86831.53940
1367         87027.77500
1368         87224.37280
1369         87421.33340
1370         87618.65710
1371         87816.34470
1372         88014.39640
1373         88212.81300
1374         88411.59480
1375         88610.74250
1376         88810.25650
1377         89010.13730
1378         89210.38550
1379         89411.00160
1380         89611.98610
1381         89813.33950
1382         90015.06230
1383         90217.15500
1384         90419.61830
1385         90622.45250
1386         90825.65830
1387         91029.23600
1388         91233.18640
1389         91437.50980
1390         91642.20680
1391         91847.27800
1392         92052.72380
1393         92258.54470
1394         92464.74140
1395         92671.31430
1396         92878.26400
1397         93085.59090
1398         93293.29560
1399         93501.37870
1400         93709.84060
1401         93918.68190
1402         94127.90310
1403         94337.50480
1404         94547.48750
1405         94757.85160
1406         94968.59780
1407         95179.72650
1408         95391.23840
1409         95603.13390
1410         95815.41350
1411         96028.07790
1412         96241.12740
1413         96454.56280
1414         96668.38440
1415         96882.59290
1416         97097.18870
1417         97312.17250
1418         97527.54460
1419         97743.30580
1420         97959.45650
1421         98175.99720
1422         98392.92860
1423         98610.25100
1424         98827.96520
1425         99046.07150
1426         99264.57060
1427         99483.46300
1428         99702.74920
1429         99922.42990
1430        100142.50500
1431        100362.97600
1432        100583.84300
1433        100805.10700
1434        101026.76800
1435        101248.82600
1436        101471.28200
1437        101694.13700
1438        101917.39200
1439        102141.04600
1440        102365.10100
1441        102589.55600
1442        102814.41400
1443        103039.67300
1444        103265.33400
1445        103491.39900
1446        103717.86700
1447        103944.74000
1448        104172.01700
1449        104399.70000
1450        104627.78900
1451        104856.28400
1452        105085.18600
1453        105314.49500
1454        105544.21300
1455        105774.33900
1456        106004.87400
1457        106235.82000
1458        106467.17500
1459        106698.94100
1460        106931.11900
1461        107163.70900
1462        107396.71100
1463        107630.12700
1464        107863.95600
1465        108098.19900
1466        108332.85700
1467        108567.93000
1468        108803.42000
1469        109039.32500
1470        109275.64800
1471        109512.38800
1472        109749.54700
1473        109987.12400
1474        110225.12000
1475        110463.53700
1476        110702.37300
1477        110941.63100
1478        111181.31000
1479        111421.41200
1480        111661.93600
1481        111902.88300
1482        112144.25400
1483        112386.04900
1484        112628.26900
1485        112870.91500
1486        113113.98700
1487        113357.48600
1488        113601.41200
1489        113845.76500
1490        114090.54700
1491        114335.75800
1492        114581.39800
1493        114827.46900
1494        115073.97000
1495        115320.90200
1496        115568.26700
1497        115816.06300
1498        116064.29300
1499        116312.95600
1500        116562.05300
1501        116811.58500
1502        117061.55200
1503        117311.95500
1504        117562.79400
1505        117814.07100
1506        118065.78500
1507        118317.93700
1508        118570.52800
1509        118823.55800
1510        119077.02800
1511        119330.93900
1512        119585.29100
1513        119840.08400
1514        120095.32000
1515        120350.99800
1516        120607.12000
1517        120863.68600
1518        121120.69600
1519        121378.15200
1520        121636.05300
1521        121894.40100
1522        122153.19600
1523        122412.43800
1524        122672.12800
1525        122932.26700
1526        123192.85600
1527        123453.89400
1528        123715.38200
1529        123977.32200
1530        124239.71300
1531        124502.55700
1532        124765.85300
1533        125029.60300
1534        125293.80700
1535        125558.46600
1536        125823.58000
1537        126089.14900
1538        126355.17500
1539        126621.65800
1540        126888.59900
1541        127155.99700
1542        127423.85500
1543        127692.17200
1544        127960.94900
1545        128230.18600
1546        128499.88500
1547        128770.04600
1548        129040.66800
1549        129311.75400
1550        129583.30400
1551        129855.31800
1552        130127.79600
1553        130400.74000
1554        130674.15000
1555        130948.02600
1556        131222.37000
1557        131497.18200
1558        131772.46200
1559        132048.21100
1560        132324.42900
1561        132601.11800
1562        132878.27800
1563        133155.90900
1564        133434.01300
1565        133712.58900
1566        133991.63800
1567        134271.16100
1568        134551.15900
1569        134831.63200
1570        135112.58000
1571        135394.00500
1572        135675.90700
1573        135958.28700
1574        136241.14400
1575        136524.48100
1576        136808.29700
1577        137092.59300
1578        137377.36900
1579        137662.62700
1580        137948.36700
1581        138234.58900
1582        138521.29400
1583        138808.48300
1584        139096.15700
1585        139384.31500
1586        139672.95900
1587        139962.08900
1588        140251.70600
1589        140541.81100
1590        140832.40300
1591        141123.48500
1592        141415.05500
1593        141707.11600
1594        141999.66700
1595        142292.70900
1596        142586.24300
1597        142880.27000
1598        143174.79000
1599        143469.80300
1600        143765.31000
1601        144061.31300
1602        144357.81100
1603        144654.80600
1604        144952.29700
1605        145250.28600
1606        145548.77200
1607        145847.75800
1608        146147.24300
1609        146447.22700
1610        146747.71300
1611        147048.70000
1612        147350.18800
1613        147652.17900
1614        147954.67300
1615        148257.67200
1616        148561.17400
1617        148865.18100
1618        149169.69500
1619        149474.71400
1620        149780.24100
1621        150086.27500
1622        150392.81700
1623        150699.86800
1624        151007.42900
1625        151315.50000
1626        151624.08100
1627        151933.17400
1628        152242.77900
1629        152552.89700
1630        152863.52800
1631        153174.67400
1632        153486.33300
1633        153798.50900
1634        154111.20000
1635        154424.40700
1636        154738.13200
1637        155052.37500
1638        155367.13600
1639        155682.41600
1640        155998.21600
1641        156314.53700
1642        156631.37800
1643        156948.74200
1644        157266.62800
1645        157585.03600
1646        157903.96900
1647        158223.42600
1648        158543.40800
1649        158863.91500
1650        159184.94900
1651        159506.51000
1652        159828.59800
1653        160151.21400
1654        160474.36000
1655        160798.03500
1656        161122.24000
1657        161446.97600
1658        161772.24400
1659        162098.04300
1660        162424.37600
1661        162751.24200
1662        163078.64200
1663        163406.57700
1664        163735.04800
1665        164064.05400
1666        164393.59800
1667        164723.67800
1668        165054.29700
1669        165385.45500
1670        165717.15200
1671        166049.38900
1672        166382.16700
1673        166715.48700
1674        167049.34800
1675        167383.75200
1676        167718.70000
1677        168054.19100
1678        168390.22800
1679        168726.80900
1680        169063.93700
1681        169401.61200
1682        169739.83400
1683        170078.60300
1684        170417.92200
1685        170757.79000
1686        171098.20800
1687        171439.17700
1688        171780.69800
1689        172122.77000
1690        172465.39500
1691        172808.57400
1692        173152.30600
1693        173496.59400
1694        173841.43700
1695        174186.83600
1696        174532.79200
1697        174879.30500
1698        175226.37600
1699        175574.00600
1700        175922.19600
1701        176270.94600
1702        176620.25600
1703        176970.12900
1704        177320.56300
1705        177671.56000
1706        178023.12100
1707        178375.24600
1708        178727.93600
1709        179081.19200
1710        179435.01400
1711        179789.40200
1712        180144.35900
1713        180499.88300
1714        180855.97700
1715        181212.64100
1716        181569.87400
1717        181927.67900
1718        182286.05600
1719        182645.00500
1720        183004.52700
1721        183364.62300
1722        183725.29300
1723        184086.53900
1724        184448.36000
1725        184810.75800
1726        185173.73300
1727        185537.28700
1728        185901.41800
1729        186266.12900
1730        186631.42000
1731        186997.29200
1732        187363.74500
1733        187730.78000
1734        188098.39800
1735        188466.60000
1736        188835.38500
1737        189204.75500
1738        189574.71100
1739        189945.25300
1740        190316.38200
1741        190688.09900
1742        191060.40400
1743        191433.29800
1744        191806.78200
1745        192180.85600
1746        192555.52100
1747        192930.77800
1748        193306.62700
1749        193683.07000
1750        194060.10700
1751        194437.73800
1752        194815.96400
1753        195194.78700
1754        195574.20600
1755        195954.22300
1756        196334.83700
1757        196716.05100
1758        197097.86400
1759        197480.27700
1760        197863.29200
1761        198246.90700
1762        198631.12600
1763        199015.94700
1764        199401.37200
1765        199787.40100
1766        200174.03600
1767        200561.27600
1768        200949.12300
1769        201337.57800
1770        201726.64000
1771        202116.31100
1772        202506.59200
1773        202897.48200
1774        203288.98400
1775        203681.09700
1776        204073.82200
1777        204467.16100
1778        204861.11300
1779        205255.67900
1780        205650.86000
1781        206046.65800
1782        206443.07200
1783        206840.10300
1784        207237.75200
1785        207636.02000
1786        208034.90700
1787        208434.41500
1788        208834.54300
1789        209235.29300
1790        209636.66500
1791        210038.66000
1792        210441.27900
1793        210844.52200
1794        211248.39100
1795        211652.88500
1796        212058.00600
1797        212463.75500
1798        212870.13100
1799        213277.13600
1800        213684.77100
1801        214093.03600
1802        214501.93200
1803        214911.45900
1804        215321.61900
1805        215732.41200
1806        216143.83900
1807        216555.90100
1808        216968.59800
1809        217381.93100
1810        217795.90000
1811        218210.50700
1812        218625.75300
1813        219041.63700
1814        219458.16100
1815        219875.32600
1816        220293.13100
1817        220711.57900
1818        221130.66900
1819        221550.40200
1820        221970.78000
1821        222391.80200
1822        222813.47000
1823        223235.78400
1824        223658.74500
1825        224082.35400
1826        224506.61100
1827        224931.51800
1828        225357.07400
1829        225783.28100
1830        226210.14000
1831        226637.65100
1832        227065.81500
1833        227494.63200
1834        227924.10400
1835        228354.23000
1836        228785.01300
1837        229216.45300
1838        229648.54900
1839        230081.30400
1840        230514.71700
1841        230948.79100
1842        231383.52400
1843        231818.91800
1844        232254.97500
1845        232691.69400
1846        233129.07600
1847        233567.12200
1848        234005.83300
1849        234445.20900
1850        234885.25200
1851        235325.96200
1852        235767.33900
1853        236209.38500
1854        236652.10000
1855        237095.48600
1856        237539.54200
1857        237984.26900
1858        238429.66900
1859        238875.74200
1860        239322.48800
1861        239769.90900
1862        240218.00500
1863        240666.77800
1864        241116.22700
1865        241566.35300
1866        242017.15800
1867        242468.64200
1868        242920.80600
1869        243373.65000
1870        243827.17600
1871        244281.38300
1872        244736.27300
1873        245191.84700
1874        245648.10500
1875        246105.04900
1876        246562.67800
1877        247020.99300
1878        247479.99600
1879        247939.68800
1880        248400.06800
1881        248861.13700
1882        249322.89700
1883        249785.34800
1884        250248.49100
1885        250712.32700
1886        251176.85600
1887        251642.08000
1888        252107.99800
1889        252574.61200
1890        253041.92200
1891        253509.93000
1892        253978.63600
1893        254448.04000
1894        254918.14400
1895        255388.94900
1896        255860.45400
1897        256332.66200
1898        256805.57100
1899        257279.18500
1900        257753.50200
1901        258228.52500
1902        258704.25300
1903        259180.68700
1904        259657.82900
1905        260135.67800
1906        260614.23700
1907        261093.50500
1908        261573.48300
1909        262054.17300
1910        262535.57400
1911        263017.68800
1912        263500.51500
1913        263984.05600
1914        264468.31300
1915        264953.28500
1916        265438.97300
1917        265925.37900
1918        266412.50300
1919        266900.34600
1920        267388.90800
1921        267878.19100
1922        268368.19500
1923        268858.92000
1924        269350.36900
1925        269842.54100
1926        270335.43700
1927        270829.05800
1928        271323.40500
1929        271818.47900
1930        272314.28000
1931        272810.80900
1932        273308.06800
1933        273806.05500
1934        274304.77400
1935        274804.22400
1936        275304.40500
1937        275805.32000
1938        276306.96800
1939        276809.35100
1940        277312.46900
1941        277816.32300
1942        278320.91400
1943        278826.24200
1944        279332.30900
1945        279839.11500
1946        280346.66100
1947        280854.94700
1948        281363.97500
1949        281873.74500
1950        282384.25900
1951        282895.51600
1952        283407.51800
1953        283920.26500
1954        284433.75900
1955        284948.00000
1956        285462.98800
1957        285978.72500
1958        286495.21200
1959        287012.44900
1960        287530.43600
1961        288049.17600
1962        288568.66800
1963        289088.91300
1964        289609.91300
1965        290131.66800
1966        290654.17800
1967        291177.44500
1968        291701.46900
1969        292226.25200
1970        292751.79300
1971        293278.09400
1972        293805.15600
1973        294332.97900
1974        294861.56400
1975        295390.91300
1976        295921.02400
1977        296451.90100
1978        296983.54300
1979        297515.95000
1980        298049.12500
1981        298583.06800
1982        299117.77900
1983        299653.25900
1984        300189.51000
1985        300726.53100
1986        301264.32500
1987        301802.89100
1988        302342.23000
1989        302882.34300
1990        303423.23100
1991        303964.89600
1992        304507.33600
1993        305050.55400
1994        305594.55100
1995        306139.32600
1996        306684.88100
1997        307231.21700
1998        307778.33400
1999        308326.23300
2000        308874.91500
2001        309424.38100
2002        309974.63200
2003        310525.66900
2004        311077.49100
2005        311630.10100
2006        312183.49800
2007        312737.68500
2008        313292.66000
2009        313848.42600
2010        314404.98400
2011        314962.33300
2012        315520.47500
2013        316079.41000
2014        316639.14000
2015        317199.66500
2016        317760.98600
2017        318323.10400
2018        318886.02000
2019        319449.73400
2020        320014.24700
2021        320579.56100
2022        321145.67500
2023        321712.59100
2024        322280.31000
2025        322848.83200
2026        323418.15800
2027        323988.28900
2028        324559.22600
2029        325130.97000
2030        325703.52100
2031        326276.88000
2032        326851.04800
2033        327426.02700
2034        328001.81600
2035        328578.41700
2036        329155.83000
2037        329734.05600
2038        330313.09600
2039        330892.95100
2040        331473.62200
2041        332055.10900
2042        332637.41400
2043        333220.53700
2044        333804.47800
2045        334389.24000
2046        334974.82200
2047        335561.22500
2048        336148.45100
2049        336736.50000
2050        337325.37300
2051        337915.07000
2052        338505.59400
2053        339096.94300
2054        339689.12000
2055        340282.12500
2056        340875.95800
2057        341470.62200
2058        342066.11600
2059        342662.44100
2060        343259.59800
2061        343857.58900
2062        344456.41300
2063        345056.07300
2064        345656.56700
2065        346257.89800
2066        346860.06600
2067        347463.07200
2068        348066.91700
2069        348671.60200
2070        349277.12700
2071        349883.49400
2072        350490.70300
2073        351098.75400
2074        351707.65000
2075        352317.39000
2076        352927.97600
2077        353539.40800
2078        354151.68800
2079        354764.81500
2080        355378.79200
2081        355993.61800
2082        356609.29400
2083        357225.82200
2084        357843.20200
2085        358461.43500
2086        359080.52200
2087        359700.46400
2088        360321.26200
2089        360942.91500
2090        361565.42600
2091        362188.79500
2092        362813.02300
2093        363438.11100
2094        364064.06000
2095        364690.87000
2096        365318.54200
2097        365947.07700
2098        366576.47600
2099        367206.74000
2100        367837.87000
2101        368469.86600
2102        369102.73000
2103        369736.46200
2104        370371.06300
2105        371006.53300
2106        371642.87500
2107        372280.08800
2108        372918.17300
2109        373557.13200
2110        374196.96500
2111        374837.67200
2112        375479.25600
2113        376121.71600
2114        376765.05400
2115        377409.27000
2116        378054.36500
2117        378700.34000
2118        379347.19700
2119        379994.93400
2120        380643.55500
2121        381293.05900
2122        381943.44700
2123        382594.72000
2124        383246.88000
2125        383899.92600
2126        384553.85900
2127        385208.68200
2128        385864.39400
2129        386520.99500
2130        387178.48900
2131        387836.87300
2132        388496.15100
2133        389156.32300
2134        389817.38900
2135        390479.35000
2136        391142.20700
2137        391805.96200
2138        392470.61400
2139        393136.16500
2140        393802.61600
2141        394469.96800
2142        395138.22000
2143        395807.37500
2144        396477.43300
2145        397148.39500
2146        397820.26100
2147        398493.03300
2148        399166.71200
2149        399841.29800
2150        400516.79200
2151        401193.19500
2152        401870.50800
2153        402548.73200
2154        403227.86700
2155        403907.91500
2156        404588.87700
2157        405270.75200
2158        405953.54200
2159        406637.24900
2160        407321.87200
2161        408007.41300
2162        408693.87200
2163        409381.25100
2164        410069.55000
2165        410758.77000
2166        411448.91200
2167        412139.97600
2168        412831.96500
2169        413524.87700
2170        414218.71600
2171        414913.48000
2172        415609.17200
2173        416305.79200
2174        417003.34000
2175        417701.81800
2176        418401.22700
2177        419101.56700
2178        419802.84000
2179        420505.04500
2180        421208.18500
2181        421912.26000
2182        422617.27000
2183        423323.21700
2184        424030.10100
2185        424737.92400
2186        425446.68600
2187        426156.38800
2188        426867.03200
2189        427578.61700
2190        428291.14400
2191        429004.61500
2192        429719.03100
2193        430434.39200
2194        431150.69900
2195        431867.95300
2196        432586.15600
2197        433305.30600
2198        434025.40700
2199        434746.45800
2200        435468.46100
2201        436191.41500
2202        436915.32300
2203        437640.18500
2204        438366.00200
2205        439092.77400
2206        439820.50300
2207        440549.19000
2208        441278.83500
2209        442009.43900
2210        442741.00300
2211        443473.52900
2212        444207.01600
2213        444941.46600
2214        445676.87900
2215        446413.25700
2216        447150.60000
2217        447888.91000
2218        448628.18600
2219        449368.43100
2220        450109.64400
2221        450851.82700
2222        451594.98100
2223        452339.10600
2224        453084.20400
2225        453830.27500
2226        454577.32000
2227        455325.33900
2228        456074.33500
2229        456824.30800
2230        457575.25800
2231        458327.18600
2232        459080.09400
2233        459833.98200
2234        460588.85100
2235        461344.70300
2236        462101.53700
2237        462859.35500
2238        463618.15700
2239        464377.94500
2240        465138.72000
2241        465900.48100
2242        466663.23100
2243        467426.97000
2244        468191.69900
2245        468957.41800
2246        469724.12900
2247        470491.83300
2248        471260.53000
2249        472030.22200
2250        472800.90800
2251        473572.59100
2252        474345.27100
2253        475118.94800
2254        475893.62500
2255        476669.30000
2256        477445.97700
2257        478223.65400
2258        479002.33400
2259        479782.01700
2260        480562.70500
2261        481344.39600
2262        482127.09400
2263        482910.79900
2264        483695.51100
2265        484481.23100
2266        485267.96100
2267        486055.70100
2268        486844.45200
2269        487634.21500
2270        488424.99000
2271        489216.78000
2272        490009.58400
2273        490803.40400
2274        491598.24000
2275        492394.09300
2276        493190.96500
2277        493988.85500
2278        494787.76600
2279        495587.69700
2280        496388.65000
2281        497190.62600
2282        497993.62500
2283        498797.64800
2284        499602.69700
2285        500408.77200
2286        501215.87400
2287        502024.00400
2288        502833.16200
2289        503643.35100
2290        504454.57000
2291        505266.82000
2292        506080.10300
2293        506894.41900
2294        507709.76900
2295        508526.15400
2296        509343.57500
2297        510162.03300
2298        510981.52900
2299        511802.06300
2300        512623.63700
2301        513446.25100
2302        514269.90600
2303        515094.60400
2304        515920.34400
2305        516747.12800
2306        517574.95800
2307        518403.83300
2308        519233.75400
2309        520064.72300
2310        520896.74100
2311        521729.80700
2312        522563.92400
2313        523399.09200
2314        524235.31200
2315        525072.58500
2316        525910.91100
2317        526750.29200
2318        527590.72900
2319        528432.22200
2320        529274.77200
2321        530118.38100
2322        530963.04800
2323        531808.77600
2324        532655.56400
2325        533503.41400
2326        534352.32700
2327        535202.30400
2328        536053.34500
2329        536905.45100
2330        537758.62300
2331        538612.86300
2332        539468.17100
2333        540324.54700
2334        541181.99400
2335        542040.51100
2336        542900.09900
2337        543760.76100
2338        544622.49500
2339        545485.30400
2340        546349.18800
2341        547214.14800
2342        548080.18500
2343        548947.30000
2344        549815.49400
2345        550684.76800
2346        551555.12200
2347        552426.55700
2348        553299.07500
2349        554172.67600
2350        555047.36100
2351        555923.13100
2352        556799.98700
2353        557677.93000
2354        558556.96100
2355        559437.08100
2356        560318.28900
2357        561200.58900
2358        562083.97900
2359        562968.46200
2360        563854.03800
2361        564740.70800
2362        565628.47300
2363        566517.33400
2364        567407.29100
2365        568298.34600
2366        569190.50000
2367        570083.75300
2368        570978.10600
2369        571873.56000
2370        572770.11700
2371        573667.77600
2372        574566.53900
2373        575466.40800
2374        576367.38200
2375        577269.46200
2376        578172.65000
2377        579076.94600
2378        579982.35200
2379        580888.86800
2380        581796.49400
2381        582705.23300
2382        583615.08500
2383        584526.05100
2384        585438.13100
2385        586351.32700
2386        587265.63900
2387        588181.06800
2388        589097.61600
2389        590015.28300
2390        590934.07100
2391        591853.97900
2392        592775.00900
2393        593697.16200
2394        594620.43800
2395        595544.83900
2396        596470.36600
2397        597397.01900
2398        598324.79900
2399        599253.70800
2400        600183.74500
2401        601114.91300
2402        602047.21100
2403        602980.64100
2404        603915.20400
2405        604850.90000
2406        605787.73100
2407        606725.69800
2408        607664.80000
2409        608605.04000
2410        609546.41800
2411        610488.93500
2412        611432.59200
2413        612377.38900
2414        613323.32900
2415        614270.41100
2416        615218.63600
2417        616168.00600
2418        617118.52100
2419        618070.18200
2420        619022.99100
2421        619976.94700
2422        620932.05300
2423        621888.30800
2424        622845.71400
2425        623804.27100
2426        624763.98200
2427        625724.84500
2428        626686.86300
2429        627650.03600
2430        628614.36500
2431        629579.85100
2432        630546.49600
2433        631514.29900
2434        632483.26100
2435        633453.38500
2436        634424.67000
2437        635397.11700
2438        636370.72800
2439        637345.50300
2440        638321.44300
2441        639298.54900
2442        640276.82300
2443        641256.26400
2444        642236.87300
2445        643218.65300
2446        644201.60300
2447        645185.72500
2448        646171.01900
2449        647157.48600
2450        648145.12700
2451        649133.94400
2452        650123.93600
2453        651115.10600
2454        652107.45300
2455        653100.97900
2456        654095.68400
2457        655091.57000
2458        656088.63800
2459        657086.88700
2460        658086.32000
2461        659086.93700
2462        660088.73900
2463        661091.72700
2464        662095.90200
2465        663101.26500
2466        664107.81600
2467        665115.55700
2468        666124.48800
2469        667134.61000
2470        668145.92500
2471        669158.43300
2472        670172.13500
2473        671187.03200
2474        672203.12500
2475        673220.41400
2476        674238.90100
2477        675258.58700
2478        676279.47200
2479        677301.55800
2480        678324.84500
2481        679349.33400
2482        680375.02600
2483        681401.92200
2484        682430.02300
2485        683459.33000
2486        684489.84300
2487        685521.56500
2488        686554.49400
2489        687588.63300
2490        688623.98200
2491        689660.54300
2492        690698.31600
2493        691737.30100
2494        692777.50100
2495        693818.91500
2496        694861.54500
2497        695905.39200
2498        696950.45600
2499        697996.73900
2500        699044.24100
2501        700092.96300
2502        701142.90700
2503        702194.07200
2504        703246.46000
2505        704300.07300
2506        705354.91000
2507        706410.97200
2508        707468.26200
2509        708526.77800
2510        709586.52300
2511        710647.49700
2512        711709.70200
2513        712773.13700
2514        713837.80500
2515        714903.70500
2516        715970.83900
2517        717039.20800
2518        718108.81200
2519        719179.65300
2520        720251.73100
2521        721325.04800
2522        722399.60400
2523        723475.39900
2524        724552.43600
2525        725630.71500
2526        726710.23600
2527        727791.00100
2528        728873.01100
2529        729956.26600
2530        731040.76800
2531        732126.51700
2532        733213.51400
2533        734301.76000
2534        735391.25600
2535        736482.00300
2536        737574.00200
2537        738667.25400
2538        739761.75900
2539        740857.51900
2540        741954.53400
2541        743052.80600
2542        744152.33400
2543        745253.12100
2544        746355.16700
2545        747458.47300
2546        748563.03900
2547        749668.86700
2548        750775.95800
2549        751884.31300
2550        752993.93100
2551        754104.81600
2552        755216.96600
2553        756330.38300
2554        757445.06900
2555        758561.02300
2556        759678.24700
2557        760796.74200
2558        761916.50900
2559        763037.54800
2560        764159.86000
2561        765283.44700
2562        766408.30900
2563        767534.44700
2564        768661.86200
2565        769790.55500
2566        770920.52700
2567        772051.77800
2568        773184.31000
2569        774318.12400
2570        775453.22000
2571        776589.59900
2572        777727.26300
2573        778866.21200
2574        780006.44600
2575        781147.96800
2576        782290.77700
2577        783434.87500
2578        784580.26300
2579        785726.94100
2580        786874.91000
2581        788024.17200
2582        789174.72700
2583        790326.57600
2584        791479.72000
2585        792634.15900
2586        793789.89600
2587        794946.93000
2588        796105.26300
2589        797264.89500
2590        798425.82800
2591        799588.06200
2592        800751.59800
2593        801916.43700
2594        803082.58000
2595        804250.02800
2596        805418.78200
2597        806588.84200
2598        807760.20900
2599        808932.88600
2600        810106.87100
2601        811282.16700
2602        812458.77400
2603        813636.69200
2604        814815.92400
2605        815996.47000
2606        817178.33000
2607        818361.50600
2608        819545.99800
2609        820731.80700
2610        821918.93500
2611        823107.38200
2612        824297.14900
2613        825488.23700
2614        826680.64700
2615        827874.38000
2616        829069.43600
2617        830265.81700
2618        831463.52300
2619        832662.55500
2620        833862.91500
2621        835064.60300
2622        836267.61900
2623        837471.96600
2624        838677.64300
2625        839884.65300
2626        841092.99400
2627        842302.66900
2628        843513.67900
2629        844726.02300
2630        845939.70400
2631        847154.72200
2632        848371.07700
2633        849588.77200
2634        850807.80600
2635        852028.18100
2636        853249.89700
2637        854472.95500
2638        855697.35700
2639        856923.10300
2640        858150.19400
2641        859378.63100
2642        860608.41500
2643        861839.54600
2644        863072.02600
2645        864305.85600
2646        865541.03600
2647        866777.56700
2648        868015.45000
2649        869254.68600
2650        870495.27600
2651        871737.22100
2652        872980.52200
2653        874225.17900
2654        875471.19400
2655        876718.56700
2656        877967.30000
2657        879217.39200
2658        880468.84600
2659        881721.66100
2660        882975.84000
2661        884231.38200
2662        885488.28800
2663        886746.56000
2664        888006.19900
2665        889267.20400
2666        890529.57800
2667        891793.32100
2668        893058.43300
2669        894324.91700
2670        895592.77200
2671        896861.99900
2672        898132.60000
2673        899404.57600
2674        900677.92600
2675        901952.65300
2676        903228.75600
2677        904506.23800
2678        905785.09800
2679        907065.33800
2680        908346.95800
2681        909629.96000
2682        910914.34400
2683        912200.11100
2684        913487.26200
2685        914775.79800
2686        916065.72000
2687        917357.02800
2688        918649.72400
2689        919943.80900
2690        921239.28300
2691        922536.14700
2692        923834.40200
2693        925134.04900
2694        926435.08900
2695        927737.52300
2696        929041.35100
2697        930346.57500
2698        931653.19500
2699        932961.21200
2700        934270.62800
2701        935581.44300
2702        936893.65700
2703        938207.27200
2704        939522.28900
2705        940838.70900
2706        942156.53100
2707        943475.75800
2708        944796.39100
2709        946118.42900
2710        947441.87400
2711        948766.72700
2712        950092.98900
2713        951420.66000
2714        952749.74200
2715        954080.23400
2716        955412.14000
2717        956745.45800
2718        958080.19000
2719        959416.33700
2720        960753.89900
2721        962092.87800
2722        963433.27500
2723        964775.08900
2724        966118.32300
2725        967462.97700
2726        968809.05200
2727        970156.54900
2728        971505.46900
2729        972855.81200
2730        974207.57900
2731        975560.77200
2732        976915.39000
2733        978271.43600
2734        979628.91000
2735        980987.81300
2736        982348.14500
2737        983709.90700
2738        985073.10100
2739        986437.72800
2740        987803.78700
2741        989171.28100
2742        990540.20900
2743        991910.57300
2744        993282.37400
2745        994655.61200
2746        996030.28900
2747        997406.40500
2748        998783.96000
2749       1000162.96000
2750       1001543.40000
2751       1002925.28000
2752       1004308.60000
2753       1005693.37000
2754       1007079.59000
2755       1008467.25000
2756       1009856.35000
2757       1011246.91000
2758       1012638.92000
2759       1014032.37000
2760       1015427.27000
2761       1016823.63000
2762       1018221.44000
2763       1019620.70000
2764       1021021.41000
2765       1022423.58000
2766       1023827.21000
2767       1025232.29000
2768       1026638.83000
2769       1028046.83000
2770       1029456.29000
2771       1030867.20000
2772       1032279.58000
2773       1033693.42000
2774       1035108.72000
2775       1036525.49000
2776       1037943.72000
2777       1039363.42000
2778       1040784.58000
2779       1042207.21000
2780       1043631.30000
2781       1045056.87000
2782       1046483.90000
2783       1047912.40000
2784       1049342.38000
2785       1050773.83000
2786       1052206.75000
2787       1053641.14000
2788       1055077.01000
2789       1056514.36000
2790       1057953.18000
2791       1059393.47000
2792       1060835.25000
2793       1062278.51000
2794       1063723.24000
2795       1065169.46000
2796       1066617.15000
2797       1068066.33000
2798       1069516.99000
2799       1070969.14000
2800       1072422.77000
2801       1073877.89000
2802       1075334.49000
2803       1076792.58000
2804       1078252.16000
2805       1079713.23000
2806       1081175.79000
2807       1082639.84000
2808       1084105.38000
2809       1085572.42000
2810       1087040.94000
2811       1088510.97000
2812       1089982.48000
2813       1091455.49000
2814       1092930.00000
2815       1094406.01000
2816       1095883.52000
2817       1097362.52000
2818       1098843.03000
2819       1100325.04000
2820       1101808.54000
2821       1103293.56000
2822       1104780.07000
2823       1106268.09000
2824       1107757.62000
2825       1109248.65000
2826       1110741.18000
2827       1112235.23000
2828       1113730.79000
2829       1115227.85000
2830       1116726.42000
2831       1118226.51000
2832       1119728.11000
2833       1121231.22000
2834       1122735.85000
2835       1124241.98000
2836       1125749.64000
2837       1127258.81000
2838       1128769.50000
2839       1130281.71000
2840       1131795.43000
2841       1133310.68000
2842       1134827.44000
2843       1136345.73000
2844       1137865.54000
2845       1139386.87000
2846       1140909.73000
2847       1142434.11000
2848       1143960.02000
2849       1145487.45000
2850       1147016.41000
2851       1148546.90000
2852       1150078.92000
2853       1151612.46000
2854       1153147.54000
2855       1154684.15000
2856       1156222.29000
2857       1157761.97000
2858       1159303.18000
2859       1160845.92000
2860       1162390.20000
2861       1163936.02000
2862       1165483.37000
2863       1167032.26000
2864       1168582.69000
2865       1170134.66000
2866       1171688.17000
2867       1173243.22000
2868       1174799.82000
2869       1176357.96000
2870       1177917.64000
2871       1179478.87000
2872       1181041.64000
2873       1182605.96000
2874       1184171.82000
2875       1185739.24000
2876       1187308.20000
2877       1188878.71000
2878       1190450.78000
2879       1192024.39000
2880       1193599.56000
2881       1195176.28000
2882       1196754.56000
2883       1198334.39000
2884       1199915.77000
2885       1201498.71000
2886       1203083.21000
2887       1204669.27000
2888       1206256.89000
2889       1207846.06000
2890       1209436.80000
2891       1211029.10000
2892       1212622.96000
2893       1214218.38000
2894       1215815.37000
2895       1217413.92000
2896       1219014.04000
2897       1220615.72000
2898       1222218.97000
2899       1223823.79000
2900       1225430.18000
2901       1227038.14000
2902       1228647.66000
2903       1230258.76000
2904       1231871.43000
2905       1233485.68000
2906       1235101.50000
2907       1236718.89000
2908       1238337.86000
2909       1239958.40000
2910       1241580.52000
2911       1243204.22000
2912       1244829.50000
2913       1246456.36000
2914       1248084.80000
2915       1249714.82000
2916       1251346.42000
2917       1252979.60000
2918       1254614.37000
2919       1256250.72000
2920       1257888.66000
2921       1259528.18000
2922       1261169.29000
2923       1262811.99000
2924       1264456.27000
2925       1266102.15000
2926       1267749.61000
2927       1269398.67000
2928       1271049.32000
2929       1272701.56000
2930       1274355.39000
2931       1276010.82000
2932       1277667.84000
2933       1279326.46000
2934       1280986.68000
2935       1282648.49000
2936       1284311.90000
2937       1285976.91000
2938       1287643.52000
2939       1289311.73000
2940       1290981.54000
2941       1292652.96000
2942       1294325.98000
2943       1296000.60000
2944       1297676.82000
2945       1299354.65000
2946       1301034.09000
2947       1302715.14000
2948       1304397.79000
2949       1306082.05000
2950       1307767.92000
2951       1309455.40000
2952       1311144.49000
2953       1312835.20000
2954       1314527.52000
2955       1316221.45000
2956       1317916.99000
2957       1319614.15000
2958       1321312.93000
2959       1323013.32000
2960       1324715.33000
2961       1326418.96000
2962       1328124.20000
2963       1329831.07000
2964       1331539.56000
2965       1333249.67000
2966       1334961.40000
2967       1336674.76000
2968       1338389.74000
2969       1340106.34000
2970       1341824.57000
2971       1343544.42000
2972       1345265.91000
2973       1346989.02000
2974       1348713.76000
2975       1350440.13000
2976       1352168.12000
2977       1353897.75000
2978       1355629.02000
2979       1357361.91000
2980       1359096.44000
2981       1360832.60000
2982       1362570.40000
2983       1364309.83000
2984       1366050.90000
2985       1367793.61000
2986       1369537.95000
2987       1371283.94000
2988       1373031.56000
2989       1374780.82000
2990       1376531.73000
2991       1378284.28000
2992       1380038.47000
2993       1381794.30000
2994       1383551.78000
2995       1385310.91000
2996       1387071.68000
2997       1388834.09000
2998       1390598.16000
2999       1392363.87000
3000       1394131.23000
3001       1395900.25000
3002       1397670.91000
3003       1399443.22000
3004       1401217.19000
3005       1402992.81000
3006       1404770.08000
3007       1406549.01000
3008       1408329.60000
3009       1410111.84000
3010       1411895.73000
3011       1413681.29000
3012       1415468.50000
3013       1417257.38000
3014       1419047.91000
3015       1420840.10000
3016       1422633.96000
3017       1424429.48000
3018       1426226.66000
3019       1428025.50000
3020       1429826.01000
3021       1431628.19000
3022       1433432.03000
3023       1435237.54000
3024       1437044.72000
3025       1438853.56000
3026       1440664.08000
3027       1442476.26000
3028       1444290.12000
3029       1446105.64000
3030       1447922.84000
3031       1449741.72000
3032       1451562.27000
3033       1453384.49000
3034       1455208.39000
3035       1457033.96000
3036       1458861.21000
3037       1460690.14000
3038       1462520.75000
3039       1464353.03000
3040       1466187.00000
3041       1468022.65000
3042       1469859.98000
3043       1471698.99000
3044       1473539.69000
3045       1475382.07000
3046       1477226.13000
3047       1479071.88000
3048       1480919.32000
3049       1482768.44000
3050       1484619.25000
3051       1486471.75000
3052       1488325.94000
3053       1490181.82000
3054       1492039.39000
3055       1493898.65000
3056       1495759.61000
3057       1497622.25000
3058       1499486.59000
3059       1501352.63000
3060       1503220.36000
3061       1505089.79000
3062       1506960.91000
3063       1508833.73000
3064       1510708.25000
3065       1512584.47000
3066       1514462.39000
3067       1516342.01000
3068       1518223.33000
3069       1520106.36000
3070       1521991.08000
3071       1523877.51000
3072       1525765.65000
3073       1527655.49000
3074       1529547.03000
3075       1531440.29000
3076       1533335.25000
3077       1535231.91000
3078       1537130.29000
3079       1539030.38000
3080       1540932.17000
3081       1542835.68000
3082       1544740.90000
3083       1546647.84000
3084       1548556.48000
3085       1550466.84000
3086       1552378.92000
3087       1554292.71000
3088       1556208.22000
3089       1558125.44000
3090       1560044.38000
3091       1561965.04000
3092       1563887.43000
3093       1565811.53000
3094       1567737.35000
3095       1569664.89000
3096       1571594.16000
3097       1573525.14000
3098       1575457.86000
3099       1577392.29000
3100       1579328.46000
3101       1581266.34000
3102       1583205.96000
3103       1585147.30000
3104       1587090.37000
3105       1589035.17000
3106       1590981.70000
3107       1592929.96000
3108       1594879.95000
3109       1596831.67000
3110       1598785.13000
3111       1600740.32000
3112       1602697.24000
3113       1604655.90000
3114       1606616.29000
3115       1608578.42000
3116       1610542.29000
3117       1612507.89000
3118       1614475.24000
3119       1616444.32000
3120       1618415.14000
3121       1620387.70000
3122       1622362.01000
3123       1624338.06000
3124       1626315.84000
3125       1628295.38000
3126       1630276.65000
3127       1632259.68000
3128       1634244.44000
3129       1636230.96000
3130       1638219.22000
3131       1640209.23000
3132       1642200.99000
3133       1644194.50000
3134       1646189.75000
3135       1648186.76000
3136       1650185.52000
3137       1652186.03000
3138       1654188.30000
3139       1656192.32000
3140       1658198.09000
3141       1660205.62000
3142       1662214.91000
3143       1664225.95000
3144       1666238.74000
3145       1668253.30000
3146       1670269.62000
3147       1672287.69000
3148       1674307.53000
3149       1676329.12000
3150       1678352.48000
3151       1680377.60000
3152       1682404.48000
3153       1684433.12000
3154       1686463.54000
3155       1688495.71000
3156       1690529.65000
3157       1692565.36000
3158       1694602.84000
3159       1696642.08000
3160       1698683.09000
3161       1700725.87000
3162       1702770.42000
3163       1704816.74000
3164       1706864.84000
3165       1708914.70000
3166       1710966.34000
3167       1713019.76000
3168       1715074.94000
3169       1717131.90000
3170       1719190.64000
3171       1721251.15000
3172       1723313.45000
3173       1725377.51000
3174       1727443.36000
3175       1729510.99000
3176       1731580.40000
3177       1733651.58000
3178       1735724.55000
3179       1737799.30000
3180       1739875.83000
3181       1741954.15000
3182       1744034.25000
3183       1746116.14000
3184       1748199.81000
3185       1750285.27000
3186       1752372.51000
3187       1754461.54000
3188       1756552.36000
3189       1758644.97000
3190       1760739.37000
3191       1762835.56000
3192       1764933.54000
3193       1767033.31000
3194       1769134.88000
3195       1771238.24000
3196       1773343.39000
3197       1775450.33000
3198       1777559.08000
3199       1779669.61000
3200       1781781.95000
3201       1783896.08000
3202       1786012.01000
3203       1788129.73000
3204       1790249.26000
3205       1792370.59000
3206       1794493.72000
3207       1796618.65000
3208       1798745.38000
3209       1800873.91000
3210       1803004.25000
3211       1805136.39000
3212       1807270.34000
3213       1809406.09000
3214       1811543.65000
3215       1813683.01000
3216       1815824.18000
3217       1817967.16000
3218       1820111.95000
3219       1822258.55000
3220       1824406.96000
3221       1826557.18000
3222       1828709.21000
3223       1830863.06000
3224       1833018.71000
3225       1835176.18000
3226       1837335.47000
3227       1839496.57000
3228       1841659.48000
3229       1843824.22000
3230       1845990.76000
3231       1848159.13000
3232       1850329.31000
3233       1852501.32000
3234       1854675.14000
3235       1856850.78000
3236       1859028.25000
3237       1861207.54000
3238       1863388.64000
3239       1865571.57000
3240       1867756.33000
3241       1869942.91000
3242       1872131.31000
3243       1874321.54000
3244       1876513.60000
3245       1878707.48000
3246       1880903.19000
3247       1883100.73000
3248       1885300.10000
3249       1887501.30000
3250       1889704.33000
3251       1891909.19000
3252       1894115.88000
3253       1896324.40000
3254       1898534.76000
3255       1900746.95000
3256       1902960.97000
3257       1905176.83000
3258       1907394.52000
3259       1909614.05000
3260       1911835.42000
3261       1914058.62000
3262       1916283.67000
3263       1918510.55000
3264       1920739.27000
3265       1922969.83000
3266       1925202.23000
3267       1927436.48000
3268       1929672.56000
3269       1931910.49000
3270       1934150.26000
3271       1936391.88000
3272       1938635.34000
3273       1940880.64000
3274       1943127.80000
3275       1945376.79000
3276       1947627.64000
3277       1949880.33000
3278       1952134.88000
3279       1954391.27000
3280       1956649.51000
3281       1958909.60000
3282       1961171.54000
3283       1963435.34000
3284       1965700.98000
3285       1967968.48000
3286       1970237.84000
3287       1972509.05000
3288       1974782.11000
3289       1977057.03000
3290       1979333.80000
3291       1981612.43000
3292       1983892.92000
3293       1986175.27000
3294       1988459.48000
3295       1990745.54000
3296       1993033.47000
3297       1995323.26000
3298       1997614.90000
3299       1999908.41000
3300       2002203.79000
3301       2004501.02000
3302       2006800.12000
3303       2009101.09000
3304       2011403.91000
3305       2013708.61000
3306       2016015.17000
3307       2018323.60000
3308       2020633.90000
3309       2022946.06000
3310       2025260.09000
3311       2027576.00000
3312       2029893.77000
3313       2032213.41000
3314       2034534.93000
3315       2036858.32000
3316       2039183.58000
3317       2041510.71000
3318       2043839.72000
3319       2046170.60000
3320       2048503.35000
3321       2050837.99000
3322       2053174.50000
3323       2055512.88000
3324       2057853.15000
3325       2060195.29000
3326       2062539.31000
3327       2064885.21000
3328       2067232.99000
3329       2069582.65000
3330       2071934.19000
3331       2074287.62000
3332       2076642.92000
3333       2079000.11000
3334       2081359.19000
3335       2083720.15000
3336       2086082.99000
3337       2088447.72000
3338       2090814.33000
3339       2093182.84000
3340       2095553.23000
3341       2097925.50000
3342       2100299.67000
3343       2102675.72000
3344       2105053.67000
3345       2107433.51000
3346       2109815.23000
3347       2112198.85000
3348       2114584.36000
3349       2116971.77000
3350       2119361.06000
3351       2121752.26000
3352       2124145.34000
3353       2126540.32000
3354       2128937.20000
3355       2131335.98000
3356       2133736.65000
3357       2136139.22000
3358       2138543.68000
3359       2140950.05000
3360       2143358.32000
3361       2145768.48000
3362       2148180.55000
3363       2150594.52000
3364       2153010.39000
3365       2155428.16000
3366       2157847.84000
3367       2160269.41000
3368       2162692.90000
3369       2165118.29000
3370       2167545.58000
3371       2169974.78000
3372       2172405.89000
3373       2174838.90000
3374       2177273.82000
3375       2179710.65000
3376       2182149.39000
3377       2184590.04000
3378       2187032.60000
3379       2189477.07000
3380       2191923.45000
3381       2194371.75000
3382       2196821.95000
3383       2199274.07000
3384       2201728.11000
3385       2204184.05000
3386       2206641.92000
3387       2209101.69000
3388       2211563.39000
3389       2214027.00000
3390       2216492.52000
3391       2218959.97000
3392       2221429.33000
3393       2223900.62000
3394       2226373.82000
3395       2228848.94000
3396       2231325.98000
3397       2233804.95000
3398       2236285.83000
3399       2238768.64000
3400       2241253.37000
3401       2243740.03000
3402       2246228.61000
3403       2248719.11000
3404       2251211.54000
3405       2253705.90000
3406       2256202.18000
3407       2258700.39000
3408       2261200.52000
3409       2263702.59000
3410       2266206.58000
3411       2268712.50000
3412       2271220.35000
3413       2273730.14000
3414       2276241.85000
3415       2278755.50000
3416       2281271.07000
3417       2283788.58000
3418       2286308.03000
3419       2288829.40000
3420       2291352.71000
3421       2293877.96000
3422       2296405.14000
3423       2298934.26000
3424       2301465.31000
3425       2303998.31000
3426       2306533.23000
3427       2309070.10000
3428       2311608.91000
3429       2314149.65000
3430       2316692.34000
3431       2319236.97000
3432       2321783.53000
3433       2324332.04000
3434       2326882.49000
3435       2329434.89000
3436       2331989.23000
3437       2334545.51000
3438       2337103.73000
3439       2339663.90000
3440       2342226.02000
3441       2344790.08000
3442       2347356.09000
3443       2349924.05000
3444       2352493.95000
3445       2355065.80000
3446       2357639.60000
3447       2360215.35000
3448       2362793.05000
3449       2365372.70000
3450       2367954.30000
3451       2370537.86000
3452       2373123.36000
3453       2375710.82000
3454       2378300.23000
3455       2380891.59000
3456       2383484.91000
3457       2386080.19000
3458       2388677.41000
3459       2391276.60000
3460       2393877.74000
3461       2396480.84000
3462       2399085.89000
3463       2401692.91000
3464       2404301.88000
3465       2406912.81000
3466       2409525.70000
3467       2412140.55000
3468       2414757.36000
3469       2417376.13000
3470       2419996.87000
3471       2422619.57000
3472       2425244.23000
3473       2427870.85000
3474       2430499.44000
3475       2433129.99000
3476       2435762.50000
3477       2438396.98000
3478       2441033.43000
3479       2443671.85000
3480       2446312.23000
3481       2448954.58000
3482       2451598.89000
3483       2454245.18000
3484       2456893.43000
3485       2459543.66000
3486       2462195.85000
3487       2464850.02000
3488       2467506.15000
3489       2470164.26000
3490       2472824.34000
3491       2475486.40000
3492       2478150.42000
3493       2480816.42000
3494       2483484.40000
3495       2486154.35000
3496       2488826.27000
3497       2491500.18000
3498       2494176.05000
3499       2496853.91000
3500       2499533.74000