   1             4.52108
   2             8.25480
   3            12.01741
   4            15.78663
   5            19.55841
   6            23.33145
   7            27.10522
   8            30.87943
   9            34.65395
  10            38.42867
  11            42.20356
  12            45.97856
  13            49.75366
  14            53.52883
  15            57.30406
  16            61.07935
  17            64.85468
  18            68.63005
  19            72.40546
  20            76.18089
  21            79.95635
  22            83.73184
  23            87.50735
  24            91.28288
  25            95.05843
  26            98.83400
  27           102.60958
  28           106.38518
  29           110.16080
  30           113.93644
  31           117.71208
  32           121.48774
  33           125.26342
  34           129.03911
  35           132.81481
  36           136.59052
  37           140.36625
  38           144.14199
  39           147.91774
  40           151.69350
  41           155.46928
  42           159.24506
  43           163.02086
  44           166.79666
  45           170.57248
  46           174.34831
  47           178.12415
  48           181.90000
  49           185.67586
  50           189.45174
  51           193.22762
  52           197.00351
  53           200.77942
  54           204.55534
  55           208.33126
  56           212.10720
  57           215.88316
  58           219.65912
  59           223.43510
  60           227.21110
  61           230.98711
  62           234.76313
  63           238.53918
  64           242.31525
  65           246.09134
  66           249.86745
  67           253.64359
  68           257.41977
  69           261.19598
  70           264.97222
  71           268.74851
  72           272.52485
  73           276.30125
  74           280.07770
  75           283.85423
  76           287.63083
  77           291.40751
  78           295.18429
  79           298.96118
  80           302.73818
  81           306.51530
  82           310.29257
  83           314.07000
  84           317.84760
  85           321.62538
  86           325.40337
  87           329.18158
  88           332.96004
  89           336.73876
  90           340.51776
  91           344.29708
  92           348.07674
  93           351.85675
  94           355.63716
  95           359.41799
  96           363.19927
  97           366.98103
  98           370.76330
  99           374.54613
 100           378.32954
 101           382.11358
 102           385.89828
 103           389.68369
 104           393.46984
 105           397.25679
 106           401.04457
 107           404.83323
 108           408.62282
 109           412.41340
 110           416.20500
 111           419.99769
 112           423.79152
 113           427.58654
 114           431.38280
 115           435.18038
 116           438.97931
 117           442.77968
 118           446.58153
 119           450.38494
 120           454.18996
 121           457.99666
 122           461.80511
 123           465.61537
 124           469.42752
 125           473.24162
 126           477.05775
 127           480.87598
 128           484.69637
 129           488.51902
 130           492.34398
 131           496.17134
 132           500.00117
 133           503.83356
 134           507.66857
 135           511.50630
 136           515.34681
 137           519.19020
 138           523.03653
 139           526.88591
 140           530.73840
 141           534.59410
 142           538.45308
 143           542.31543
 144           546.18124
 145           550.05059
 146           553.92358
 147           557.80027
 148           561.68078
 149           565.56517
 150           569.45354
 151           573.34599
 152           577.24258
 153           581.14343
 154           585.04861
 155           588.95821
 156           592.87234
 157           596.79106
 158           600.71448
 159           604.64269
 160           608.57577
 161           612.51382
 162           616.45693
 163           620.40519
 164           624.35868
 165           628.31751
 166           632.28176
 167           636.25152
 168           640.22689
 169           644.20795
 170           648.19480
 171           652.18752
 172           656.18621
 173           660.19096
 174           664.20186
 175           668.21900
 176           672.24247
 177           676.27236
 178           680.30876
 179           684.35177
 180           688.40146
 181           692.45793
 182           696.52128
 183           700.59158
 184           704.66893
 185           708.75342
 186           712.84514
 187           716.94417
 188           721.05060
 189           725.16452
 190           729.28603
 191           733.41520
 192           737.55212
 193           741.69688
 194           745.84957
 195           750.01027
 196           754.17908
 197           758.35607
 198           762.54133
 199           766.73494
 200           770.93700
 201           775.14759
 202           779.36679
 203           783.59468
 204           787.83135
 205           792.07688
 206           796.33136
 207           800.59486
 208           804.86748
 209           809.14929
 210           813.44038
 211           817.74083
 212           822.05071
 213           826.37011
 214           830.69912
 215           835.03780
 216           839.38625
 217           843.74453
 218           848.11274
 219           852.49094
 220           856.87923
 221           861.27767
 222           865.68635
 223           870.10534
 224           874.53472
 225           878.97457
 226           883.42496
 227           887.88598
 228           892.35770
 229           896.84019
 230           901.33353
 231           905.83780
 232           910.35307
 233           914.87941
 234           919.41691
 235           923.96563
 236           928.52566
 237           933.09705
 238           937.67990
 239           942.27426
 240           946.88022
 241           951.49785
 242           956.12721
 243           960.76839
 244           965.42145
 245           970.08646
 246           974.76350
 247           979.45264
 248           984.15394
 249           988.86749
 250           993.59334
 251           998.33158
 252          1003.08226
 253          1007.84547
 254          1012.62126
 255          1017.40971
 256          1022.21089
 257          1027.02487
 258          1031.85171
 259          1036.69148
 260          1041.54426
 261          1046.41010
 262          1051.28908
 263          1056.18127
 264          1061.08673
 265          1066.00552
 266          1070.93773
 267          1075.88340
 268          1080.84261
 269          1085.81543
 270          1090.80192
 271          1095.80215
 272          1100.81618
 273          1105.84408
 274          1110.88592
 275          1115.94175
 276          1121.01165
 277          1126.09567
 278          1131.19389
 279          1136.30637
 280          1141.43317
 281          1146.57436
 282          1151.73000
 283          1156.90016
 284          1162.08489
 285          1167.28427
 286          1172.49835
 287          1177.72721
 288          1182.97089
 289          1188.22947
 290          1193.50301
 291          1198.79157
 292          1204.09521
 293          1209.41400
 294          1214.74800
 295          1220.09727
 296          1225.46188
 297          1230.84188
 298          1236.23733
 299          1241.64831
 300          1247.07487
 301          1252.51707
 302          1257.97497
 303          1263.44864
 304          1268.93813
 305          1274.44352
 306          1279.96485
 307          1285.50219
 308          1291.05560
 309          1296.62515
 310          1302.21088
 311          1307.81287
 312          1313.43118
 313          1319.06586
 314          1324.71697
 315          1330.38458
 316          1336.06874
 317          1341.76952
 318          1347.48697
 319          1353.22116
 320          1358.97214
 321          1364.73998
 322          1370.52474
 323          1376.32647
 324          1382.14523
 325          1387.98109
 326          1393.83411
 327          1399.70433
 328          1405.59184
 329          1411.49667
 330          1417.41889
 331          1423.35857
 332          1429.31576
 333          1435.29051
 334          1441.28290
 335          1447.29298
 336          1453.32080
 337          1459.36643
 338          1465.42992
 339          1471.51134
 340          1477.61075
 341          1483.72819
 342          1489.86374
 343          1496.01745
 344          1502.18938
 345          1508.37959
 346          1514.58814
 347          1520.81508
 348          1527.06048
 349          1533.32439
 350          1539.60687
 351          1545.90799
 352          1552.22779
 353          1558.56635
 354          1564.92371
 355          1571.29994
 356          1577.69509
 357          1584.10923
 358          1590.54242
 359          1596.99470
 360          1603.46614
 361          1609.95680
 362          1616.46674
 363          1622.99602
 364          1629.54469
 365          1636.11282
 366          1642.70045
 367          1649.30766
 368          1655.93450
 369          1662.58103
 370          1669.24730
 371          1675.93339
 372          1682.63933
 373          1689.36520
 374          1696.11105
 375          1702.87695
 376          1709.66294
 377          1716.46909
 378          1723.29546
 379          1730.14211
 380          1737.00909
 381          1743.89647
 382          1750.80430
 383          1757.73265
 384          1764.68156
 385          1771.65111
 386          1778.64134
 387          1785.65233
 388          1792.68412
 389          1799.73678
 390          1806.81036
 391          1813.90493
 392          1821.02055
 393          1828.15726
 394          1835.31514
 395          1842.49425
 396          1849.69463
 397          1856.91636
 398          1864.15948
 399          1871.42407
 400          1878.71018
 401          1886.01786
 402          1893.34718
 403          1900.69821
 404          1908.07099
 405          1915.46558
 406          1922.88206
 407          1930.32047
 408          1937.78088
 409          1945.26334
 410          1952.76792
 411          1960.29468
 412          1967.84368
 413          1975.41497
 414          1983.00862
 415          1990.62468
 416          1998.26323
 417          2005.92431
 418          2013.60799
 419          2021.31433
 420          2029.04338
 421          2036.79522
 422          2044.56990
 423          2052.36747
 424          2060.18801
 425          2068.03157
 426          2075.89821
 427          2083.78799
 428          2091.70098
 429          2099.63724
 430          2107.59682
 431          2115.57979
 432          2123.58620
 433          2131.61613
 434          2139.66963
 435          2147.74675
 436          2155.84758
 437          2163.97215
 438          2172.12055
 439          2180.29282
 440          2188.48903
 441          2196.70924
 442          2204.95352
 443          2213.22192
 444          2221.51451
 445          2229.83134
 446          2238.17249
 447          2246.53801
 448          2254.92797
 449          2263.34242
 450          2271.78143
 451          2280.24506
 452          2288.73338
 453          2297.24645
 454          2305.78432
 455          2314.34707
 456          2322.93475
 457          2331.54743
 458          2340.18517
 459          2348.84804
 460          2357.53609
 461          2366.24939
 462          2374.98800
 463          2383.75199
 464          2392.54142
 465          2401.35635
 466          2410.19685
 467          2419.06298
 468          2427.95480
 469          2436.87238
 470          2445.81578
 471          2454.78507
 472          2463.78031
 473          2472.80156
 474          2481.84888
 475          2490.92235
 476          2500.02202
 477          2509.14797
 478          2518.30025
 479          2527.47892
 480          2536.68406
 481          2545.91573
 482          2555.17400
 483          2564.45892
 484          2573.77056
 485          2583.10900
 486          2592.47428
 487          2601.86649
 488          2611.28567
 489          2620.73191
 490          2630.20526
 491          2639.70580
 492          2649.23358
 493          2658.78866
 494          2668.37113
 495          2677.98104
 496          2687.61846
 497          2697.28346
 498          2706.97610
 499          2716.69644
 500          2726.44456
 501          2736.22052
 502          2746.02439
 503          2755.85623
 504          2765.71611
 505          2775.60410
 506          2785.52026
 507          2795.46466
 508          2805.43738
 509          2815.43846
 510          2825.46799
 511          2835.52604
 512          2845.61265
 513          2855.72792
 514          2865.87189
 515          2876.04465
 516          2886.24625
 517          2896.47678
 518          2906.73628
 519          2917.02484
 520          2927.34252
 521          2937.68938
 522          2948.06551
 523          2958.47096
 524          2968.90580
 525          2979.37011
 526          2989.86395
 527          3000.38739
 528          3010.94050
 529          3021.52335
 530          3032.13600
 531          3042.77854
 532          3053.45102
 533          3064.15351
 534          3074.88609
 535          3085.64883
 536          3096.44179
 537          3107.26505
 538          3118.11867
 539          3129.00273
 540          3139.91729
 541          3150.86242
 542          3161.83821
 543          3172.84471
 544          3183.88199
 545          3194.95013
 546          3206.04920
 547          3217.17927
 548          3228.34041
 549          3239.53269
 550          3250.75619
 551          3262.01096
 552          3273.29709
 553          3284.61465
 554          3295.96371
 555          3307.34433
 556          3318.75660
 557          3330.20058
 558          3341.67635
 559          3353.18397
 560          3364.72352
 561          3376.29508
 562          3387.89870
 563          3399.53448
 564          3411.20248
 565          3422.90276
 566          3434.63541
 567          3446.40051
 568          3458.19811
 569          3470.02829
 570          3481.89114
 571          3493.78671
 572          3505.71509
 573          3517.67634
 574          3529.67055
 575          3541.69779
 576          3553.75812
 577          3565.85162
 578          3577.97838
 579          3590.13845
 580          3602.33192
 581          3614.55886
 582          3626.81935
 583          3639.11345
 584          3651.44125
 585          3663.80282
 586          3676.19824
 587          3688.62757
 588          3701.09090
 589          3713.58829
 590          3726.11984
 591          3738.68560
 592          3751.28566
 593          3763.92009
 594          3776.58897
 595          3789.29237
 596          3802.03037
 597          3814.80305
 598          3827.61049
 599          3840.45275
 600          3853.32991
 601          3866.24206
 602          3879.18927
 603          3892.17161
 604          3905.18917
 605          3918.24201
 606          3931.33022
 607          3944.45388
 608          3957.61306
 609          3970.80784
 610          3984.03829
 611          3997.30450
 612          4010.60654
 613          4023.94449
 614          4037.31843
 615          4050.72844
 616          4064.17459
 617          4077.65696
 618          4091.17564
 619          4104.73070
 620          4118.32221
 621          4131.95027
 622          4145.61494
 623          4159.31631
 624          4173.05446
 625          4186.82946
 626          4200.64139
 627          4214.49034
 628          4228.37638
 629          4242.29960
 630          4256.26007
 631          4270.25787
 632          4284.29309
 633          4298.36580
 634          4312.47608
 635          4326.62402
 636          4340.80970
 637          4355.03319
 638          4369.29457
 639          4383.59394
 640          4397.93137
 641          4412.30693
 642          4426.72072
 643          4441.17281
 644          4455.66329
 645          4470.19223
 646          4484.75972
 647          4499.36584
 648          4514.01067
 649          4528.69429
 650          4543.41680
 651          4558.17826
 652          4572.97876
 653          4587.81838
 654          4602.69722
 655          4617.61534
 656          4632.57284
 657          4647.56979
 658          4662.60627
 659          4677.68239
 660          4692.79820
 661          4707.95381
 662          4723.14929
 663          4738.38472
 664          4753.66020
 665          4768.97580
 666          4784.33161
 667          4799.72771
 668          4815.16419
 669          4830.64113
 670          4846.15862
 671          4861.71674
 672          4877.31558
 673          4892.95522
 674          4908.63574
 675          4924.35724
 676          4940.11979
 677          4955.92348
 678          4971.76841
 679          4987.65465
 680          5003.58228
 681          5019.55141
 682          5035.56210
 683          5051.61446
 684          5067.70855
 685          5083.84448
 686          5100.02233
 687          5116.24218
 688          5132.50412
 689          5148.80824
 690          5165.15462
 691          5181.54336
 692          5197.97454
 693          5214.44824
 694          5230.96456
 695          5247.52358
 696          5264.12539
 697          5280.77008
 698          5297.45774
 699          5314.18845
 700          5330.96230
 701          5347.77939
 702          5364.63979
 703          5381.54361
 704          5398.49092
 705          5415.48181
 706          5432.51639
 707          5449.59472
 708          5466.71691
 709          5483.88305
 710          5501.09321
 711          5518.34750
 712          5535.64600
 713          5552.98881
 714          5570.37600
 715          5587.80768
 716          5605.28393
 717          5622.80485
 718          5640.37052
 719          5657.98103
 720          5675.63648
 721          5693.33696
 722          5711.08255
 723          5728.87335
 724          5746.70946
 725          5764.59095
 726          5782.51793
 727          5800.49048
 728          5818.50870
 729          5836.57267
 730          5854.68250
 731          5872.83827
 732          5891.04008
 733          5909.28801
 734          5927.58217
 735          5945.92263
 736          5964.30951
 737          5982.74288
 738          6001.22284
 739          6019.74949
 740          6038.32292
 741          6056.94322
 742          6075.61049
 743          6094.32482
 744          6113.08630
 745          6131.89502
 746          6150.75109
 747          6169.65460
 748          6188.60563
 749          6207.60429
 750          6226.65067
 751          6245.74487
 752          6264.88697
 753          6284.07708
 754          6303.31529
 755          6322.60169
 756          6341.93638
 757          6361.31946
 758          6380.75102
 759          6400.23116
 760          6419.75997
 761          6439.33755
 762          6458.96400
 763          6478.63941
 764          6498.36387
 765          6518.13750
 766          6537.96037
 767          6557.83259
 768          6577.75426
 769          6597.72548
 770          6617.74633
 771          6637.81692
 772          6657.93734
 773          6678.10770
 774          6698.32809
 775          6718.59861
 776          6738.91935
 777          6759.29042
 778          6779.71191
 779          6800.18393
 780          6820.70656
 781          6841.27992
 782          6861.90409
 783          6882.57918
 784          6903.30528
 785          6924.08250
 786          6944.91094
 787          6965.79069
 788          6986.72185
 789          7007.70453
 790          7028.73882
 791          7049.82482
 792          7070.96264
 793          7092.15237
 794          7113.39412
 795          7134.68798
 796          7156.03406
 797          7177.43245
 798          7198.88327
 799          7220.38660
 800          7241.94255
 801          7263.55123
 802          7285.21273
 803          7306.92715
 804          7328.69460
 805          7350.51518
 806          7372.38899
 807          7394.31613
 808          7416.29671
 809          7438.33082
 810          7460.41858
 811          7482.56008
 812          7504.75542
 813          7527.00472
 814          7549.30807
 815          7571.66557
 816          7594.07733
 817          7616.54346
 818          7639.06405
 819          7661.63921
 820          7684.26905
 821          7706.95366
 822          7729.69316
 823          7752.48764
 824          7775.33722
 825          7798.24199
 826          7821.20206
 827          7844.21754
 828          7867.28853
 829          7890.41514
 830          7913.59747
 831          7936.83562
 832          7960.12971
 833          7983.47984
 834          8006.88611
 835          8030.34863
 836          8053.86751
 837          8077.44285
 838          8101.07477
 839          8124.76335
 840          8148.50872
 841          8172.31098
 842          8196.17024
 843          8220.08660
 844          8244.06017
 845          8268.09107
 846          8292.17938
 847          8316.32523
 848          8340.52873
 849          8364.78997
 850          8389.10907
 851          8413.48614
 852          8437.92128
 853          8462.41461
 854          8486.96622
 855          8511.57624
 856          8536.24477
 857          8560.97191
 858          8585.75779
 859          8610.60250
 860          8635.50616
 861          8660.46887
 862          8685.49075
 863          8710.57191
 864          8735.71246
 865          8760.91250
 866          8786.17215
 867          8811.49151
 868          8836.87071
 869          8862.30984
 870          8887.80903
 871          8913.36837
 872          8938.98799
 873          8964.66799
 874          8990.40849
 875          9016.20959
 876          9042.07141
 877          9067.99407
 878          9093.97766
 879          9120.02231
 880          9146.12813
 881          9172.29523
 882          9198.52372
 883          9224.81372
 884          9251.16533
 885          9277.57868
 886          9304.05387
 887          9330.59101
 888          9357.19023
 889          9383.85164
 890          9410.57534
 891          9437.36146
 892          9464.21010
 893          9491.12138
 894          9518.09542
 895          9545.13233
 896          9572.23223
 897          9599.39522
 898          9626.62143
 899          9653.91097
 900          9681.26395
 901          9708.68049
 902          9736.16071
 903          9763.70472
 904          9791.31264
 905          9818.98458
 906          9846.72065
 907          9874.52099
 908          9902.38569
 909          9930.31489
 910          9958.30869
 911          9986.36721
 912         10014.49060
 913         10042.67890
 914         10070.93230
 915         10099.25090
 916         10127.63470
 917         10156.08410
 918         10184.59890
 919         10213.17940
 920         10241.82570
 921         10270.53790
 922         10299.31620
 923         10328.16050
 924         10357.07110
 925         10386.04810
 926         10415.09160
 927         10444.20160
 928         10473.37840
 929         10502.62210
 930         10531.93270
 931         10561.31050
 932         10590.75540
 933         10620.26760
 934         10649.84740
 935         10679.49460
 936         10709.20960
 937         10738.99240
 938         10768.84310
 939         10798.76180
 940         10828.74880
 941         10858.80400
 942         10888.92770
 943         10919.11980
 944         10949.38070
 945         10979.71030
 946         11010.10880
 947         11040.57640
 948         11071.11310
 949         11101.71910
 950         11132.39440
 951         11163.13930
 952         11193.95380
 953         11224.83810
 954         11255.79230
 955         11286.81650
 956         11317.91080
 957         11349.07530
 958         11380.31030
 959         11411.61570
 960         11442.99180
 961         11474.43860
 962         11505.95630
 963         11537.54500
 964         11569.20480
 965         11600.93590
 966         11632.73830
 967         11664.61230
 968         11696.55780
 969         11728.57520
 970         11760.66430
 971         11792.82550
 972         11825.05890
 973         11857.36440
 974         11889.74240
 975         11922.19290
 976         11954.71600
 977         11987.31180
 978         12019.98060
 979         12052.72230
 980         12085.53720
 981         12118.42540
 982         12151.38690
 983         12184.42200
 984         12217.53070
 985         12250.71320
 986         12283.96960
 987         12317.30010
 988         12350.70470
 989         12384.18360
 990         12417.73690
 991         12451.36480
 992         12485.06730
 993         12518.84460
 994         12552.69690
 995         12586.62430
 996         12620.62680
 997         12654.70470
 998         12688.85800
 999         12723.08690
1000         12757.39150
1001         12791.77200
1002         12826.22840
1003         12860.76100
1004         12895.36970
1005         12930.05490
1006         12964.81650
1007         12999.65480
1008         13034.56980
1009         13069.56170
1010         13104.63070
1011         13139.77680
1012         13175.00020
1013         13210.30100
1014         13245.67940
1015         13281.13540
1016         13316.66930
1017         13352.28110
1018         13387.97100
1019         13423.73910
1020         13459.58560
1021         13495.51050
1022         13531.51410
1023         13567.59640
1024         13603.75760
1025         13639.99780
1026         13676.31720
1027         13712.71580
1028         13749.19390
1029         13785.75150
1030         13822.38890
1031         13859.10600
1032         13895.90310
1033         13932.78030
1034         13969.73780
1035         14006.77560
1036         14043.89390
1037         14081.09280
1038         14118.37250
1039         14155.73320
1040         14193.17480
1041         14230.69770
1042         14268.30190
1043         14305.98750
1044         14343.75470
1045         14381.60370
1046         14419.53450
1047         14457.54740
1048         14495.64240
1049         14533.81960
1050         14572.07930
1051         14610.42150
1052         14648.84650
1053         14687.35420
1054         14725.94500
1055         14764.61880
1056         14803.37600
1057         14842.21650
1058         14881.14050
1059         14920.14820
1060         14959.23970
1061         14998.41510
1062         15037.67470
1063         15077.01840
1064         15116.44660
1065         15155.95920
1066         15195.55650
1067         15235.23860
1068         15275.00560
1069         15314.85760
1070         15354.79490
1071         15394.81760
1072         15434.92570
1073         15475.11950
1074         15515.39900
1075         15555.76450
1076         15596.21610
1077         15636.75380
1078         15677.37790
1079         15718.08850
1080         15758.88570
1081         15799.76970
1082         15840.74060
1083         15881.79850
1084         15922.94370
1085         15964.17620
1086         16005.49620
1087         16046.90390
1088         16088.39930
1089         16129.98260
1090         16171.65410
1091         16213.41370
1092         16255.26170
1093         16297.19820
1094         16339.22330
1095         16381.33730
1096         16423.54010
1097         16465.83210
1098         16508.21330
1099         16550.68380
1100         16593.24390
1101         16635.89370
1102         16678.63320
1103         16721.46270
1104         16764.38240
1105         16807.39230
1106         16850.49250
1107         16893.68340
1108         16936.96490
1109         16980.33730
1110         17023.80060
1111         17067.35510
1112         17111.00090
1113         17154.73810
1114         17198.56690
1115         17242.48740
1116         17286.49980
1117         17330.60430
1118         17374.80090
1119         17419.08980
1120         17463.47120
1121         17507.94530
1122         17552.51210
1123         17597.17180
1124         17641.92460
1125         17686.77070
1126         17731.71010
1127         17776.74300
1128         17821.86960
1129         17867.09000
1130         17912.40440
1131         17957.81300
1132         18003.31580
1133         18048.91300
1134         18094.60490
1135         18140.39140
1136         18186.27290
1137         18232.24930
1138         18278.32100
1139         18324.48800
1140         18370.75050
1141         18417.10870
1142         18463.56270
1143         18510.11260
1144         18556.75860
1145         18603.50090
1146         18650.33960
1147         18697.27480
1148         18744.30680
1149         18791.43560
1150         18838.66150
1151         18885.98460
1152         18933.40500
1153         18980.92290
1154         19028.53840
1155         19076.25180
1156         19124.06310
1157         19171.97250
1158         19219.98020
1159         19268.08630
1160         19316.29100
1161         19364.59450
1162         19412.99680
1163         19461.49820
1164         19510.09870
1165         19558.79870
1166         19607.59820
1167         19656.49730
1168         19705.49630
1169         19754.59520
1170         19803.79440
1171         19853.09380
1172         19902.49370
1173         19951.99420
1174         20001.59550
1175         20051.29770
1176         20101.10100
1177         20151.00560
1178         20201.01160
1179         20251.11920
1180         20301.32850
1181         20351.63970
1182         20402.05290
1183         20452.56840
1184         20503.18630
1185         20553.90660
1186         20604.72970
1187         20655.65560
1188         20706.68450
1189         20757.81670
1190         20809.05210
1191         20860.39100
1192         20911.83360
1193         20963.38010
1194         21015.03050
1195         21066.78500
1196         21118.64390
1197         21170.60720
1198         21222.67510
1199         21274.84790
1200         21327.12560
1201         21379.50840
1202         21431.99650
1203         21484.59000
1204         21537.28910
1205         21590.09410
1206         21643.00490
1207         21696.02190
1208         21749.14510
1209         21802.37470
1210         21855.71090
1211         21909.15390
1212         21962.70380
1213         22016.36080
1214         22070.12500
1215         22123.99670
1216         22177.97590
1217         22232.06290
1218         22286.25780
1219         22340.56080
1220         22394.97200
1221         22449.49160
1222         22504.11980
1223         22558.85680
1224         22613.70260
1225         22668.65750
1226         22723.72170
1227         22778.89530
1228         22834.17850
1229         22889.57140
1230         22945.07420
1231         23000.68710
1232         23056.41030
1233         23112.24390
1234         23168.18800
1235         23224.24300
1236         23280.40880
1237         23336.68580
1238         23393.07400
1239         23449.57360
1240         23506.18490
1241         23562.90790
1242         23619.74280
1243         23676.68990
1244         23733.74930
1245         23790.92110
1246         23848.20550
1247         23905.60270
1248         23963.11290
1249         24020.73620
1250         24078.47280
1251         24136.32300
1252         24194.28670
1253         24252.36430
1254         24310.55590
1255         24368.86160
1256         24427.28170
1257         24485.81630
1258         24544.46560
1259         24603.22970
1260         24662.10890
1261         24721.10320
1262         24780.21300
1263         24839.43830
1264         24898.77930
1265         24958.23620
1266         25017.80920
1267         25077.49850
1268         25137.30410
1269         25197.22640
1270         25257.26540
1271         25317.42140
1272         25377.69450
1273         25438.08480
1274         25498.59270
1275         25559.21820
1276         25619.96150
1277         25680.82280
1278         25741.80230
1279         25802.90020
1280         25864.11660
1281         25925.45170
1282         25986.90560
1283         26048.47870
1284         26110.17090
1285         26171.98260
1286         26233.91390
1287         26295.96490
1288         26358.13590
1289         26420.42700
1290         26482.83840
1291         26545.37030
1292         26608.02280
1293         26670.79620
1294         26733.69060
1295         26796.70630
1296         26859.84320
1297         26923.10180
1298         26986.48210
1299         27049.98430
1300         27113.60860
1301         27177.35510
1302         27241.22420
1303         27305.21580
1304         27369.33030
1305         27433.56780
1306         27497.92850
1307         27562.41250
1308         27627.02010
1309         27691.75140
1310         27756.60660
1311         27821.58590
1312         27886.68940
1313         27951.91750
1314         28017.27010
1315         28082.74760
1316         28148.35010
1317         28214.07780
1318         28279.93080
1319         28345.90940
1320         28412.01370
1321         28478.24400
1322         28544.60030
1323         28611.08300
1324         28677.69210
1325         28744.42790
1326         28811.29050
1327         28878.28010
1328         28945.39700
1329         29012.64120
1330         29080.01310
1331         29147.51270
1332         29215.14020
1333         29282.89590
1334         29350.78000
1335         29418.79250
1336         29486.93370
1337         29555.20390
1338         29623.60310
1339         29692.13150
1340         29760.78950
1341         29829.57700
1342         29898.49440
1343         29967.54180
1344         30036.71930
1345         30106.02730
1346         30175.46590
1347         30245.03520
1348         30314.73540
1349         30384.56680
1350         30454.52960
1351         30524.62380
1352         30594.84980
1353         30665.20770
1354         30735.69760
1355         30806.31990
1356         30877.07460
1357         30947.96190
1358         31018.98210
1359         31090.13540
1360         31161.42190
1361         31232.84180
1362         31304.39530
1363         31376.08260
1364         31447.90400
1365         31519.85950
1366         31591.94940
1367         31664.17390
1368         31736.53310
1369         31809.02730
1370         31881.65670
1371         31954.42130
1372         32027.32160
1373         32100.35750
1374         32173.52940
1375         32246.83740
1376         32320.28170
1377         32393.86260
1378         32467.58010
1379         32541.43450
1380         32615.42600
1381         32689.55480
1382         32763.82110
1383         32838.22500
1384         32912.76680
1385         32987.44670
1386         33062.26480
1387         33137.22140
1388         33212.31660
1389         33287.55070
1390         33362.92380
1391         33438.43620
1392         33514.08800
1393         33589.87950
1394         33665.81070
1395         33741.88210
1396         33818.09360
1397         33894.44550
1398         33970.93810
1399         34047.57150
1400         34124.34590
1401         34201.26160
1402         34278.31860
1403         34355.51730
1404         34432.85780
1405         34510.34020
1406         34587.96490
1407         34665.73200
1408         34743.64180
1409         34821.69430
1410         34899.88980
1411         34978.22860
1412         35056.71080
1413         35135.33650
1414         35214.10610
1415         35293.01970
1416         35372.07760
1417         35451.27980
1418         35530.62660
1419         35610.11830
1420         35689.75500
1421         35769.53690
1422         35849.46430
1423         35929.53730
1424         36009.75610
1425         36090.12090
1426         36170.63200
1427         36251.28950
1428         36332.09360
1429         36413.04460
1430         36494.14270
1431         36575.38800
1432         36656.78080
1433         36738.32120
1434         36820.00950
1435         36901.84590
1436         36983.83050
1437         37065.96370
1438         37148.24550
1439         37230.67620
1440         37313.25600
1441         37395.98510
1442         37478.86380
1443         37561.89210
1444         37645.07040
1445         37728.39880
1446         37811.87750
1447         37895.50680
1448         37979.28680
1449         38063.21780
1450         38147.29990
1451         38231.53350
1452         38315.91860
1453         38400.45550
1454         38485.14430
1455         38569.98540
1456         38654.97890
1457         38740.12510
1458         38825.42400
1459         38910.87600
1460         38996.48130
1461         39082.24000
1462         39168.15240
1463         39254.21860
1464         39340.43900
1465         39426.81360
1466         39513.34280
1467         39600.02670
1468         39686.86550
1469         39773.85940
1470         39861.00870
1471         39948.31360
1472         40035.77420
1473         40123.39090
1474         40211.16370
1475         40299.09290
1476         40387.17880
1477         40475.42150
1478         40563.82130
1479         40652.37830
1480         40741.09280
1481         40829.96500
1482         40918.99510
1483         41008.18330
1484         41097.52980
1485         41187.03490
1486         41276.69870
1487         41366.52150
1488         41456.50350
1489         41546.64490
1490         41636.94590
1491         41727.40680
1492         41818.02770
1493         41908.80880
1494         41999.75040
1495         42090.85280
1496         42182.11600
1497         42273.54040
1498         42365.12610
1499         42456.87330
1500         42548.78240
1501         42640.85340
1502         42733.08660
1503         42825.48230
1504         42918.04060
1505         43010.76180
1506         43103.64610
1507         43196.69360
1508         43289.90470
1509         43383.27950
1510         43476.81830
1511         43570.52120
1512         43664.38850
1513         43758.42050
1514         43852.61720
1515         43946.97910
1516         44041.50620
1517         44136.19880
1518         44231.05700
1519         44326.08130
1520         44421.27160
1521         44516.62840
1522         44612.15170
1523         44707.84190
1524         44803.69910
1525         44899.72350
1526         44995.91550
1527         45092.27510
1528         45188.80260
1529         45285.49830
1530         45382.36240
1531         45479.39510
1532         45576.59650
1533         45673.96700
1534         45771.50680
1535         45869.21600
1536         45967.09500
1537         46065.14390
1538         46163.36290
1539         46261.75230
1540         46360.31230
1541         46459.04310
1542         46557.94500
1543         46657.01820
1544         46756.26290
1545         46855.67920
1546         46955.26760
1547         47055.02810
1548         47154.96100
1549         47255.06660
1550         47355.34500
1551         47455.79650
1552         47556.42130
1553         47657.21960
1554         47758.19170
1555         47859.33780
1556         47960.65810
1557         48062.15280
1558         48163.82220
1559         48265.66650
1560         48367.68600
1561         48469.88080
1562         48572.25110
1563         48674.79730
1564         48777.51960
1565         48880.41810
1566         48983.49310
1567         49086.74480
1568         49190.17350
1569         49293.77940
1570         49397.56270
1571         49501.52360
1572         49605.66240
1573         49709.97940
1574         49814.47460
1575         49919.14850
1576         50024.00110
1577         50129.03280
1578         50234.24370
1579         50339.63420
1580         50445.20430
1581         50550.95450
1582         50656.88480
1583         50762.99550
1584         50869.28690
1585         50975.75920
1586         51082.41260
1587         51189.24740
1588         51296.26370
1589         51403.46190
1590         51510.84210
1591         51618.40470
1592         51726.14970
1593         51834.07750
1594         51942.18830
1595         52050.48230
1596         52158.95980
1597         52267.62100
1598         52376.46610
1599         52485.49540
1600         52594.70910
1601         52704.10740
1602         52813.69070
1603         52923.45900
1604         53033.41260
1605         53143.55190
1606         53253.87700
1607         53364.38810
1608         53475.08550
1609         53585.96950
1610         53697.04020
1611         53808.29790
1612         53919.74290
1613         54031.37530
1614         54143.19550
1615         54255.20370
1616         54367.40000
1617         54479.78480
1618         54592.35820
1619         54705.12060
1620         54818.07210
1621         54931.21300
1622         55044.54360
1623         55158.06400
1624         55271.77450
1625         55385.67540
1626         55499.76690
1627         55614.04920
1628         55728.52260
1629         55843.18730
1630         55958.04360
1631         56073.09160
1632         56188.33170
1633         56303.76410
1634         56419.38900
1635         56535.20670
1636         56651.21740
1637         56767.42130
1638         56883.81880
1639         57000.40990
1640         57117.19510
1641         57234.17440
1642         57351.34830
1643         57468.71680
1644         57586.28030
1645         57704.03900
1646         57821.99320
1647         57940.14300
1648         58058.48870
1649         58177.03070
1650         58295.76900
1651         58414.70400
1652         58533.83600
1653         58653.16510
1654         58772.69150
1655         58892.41570
1656         59012.33770
1657         59132.45790
1658         59252.77640
1659         59373.29360
1660         59494.00970
1661         59614.92490
1662         59736.03950
1663         59857.35360
1664         59978.86770
1665         60100.58190
1666         60222.49640
1667         60344.61160
1668         60466.92760
1669         60589.44470
1670         60712.16320
1671         60835.08330
1672         60958.20520
1673         61081.52930
1674         61205.05570
1675         61328.78470
1676         61452.71650
1677         61576.85150
1678         61701.18980
1679         61825.73170
1680         61950.47750
1681         62075.42740
1682         62200.58160
1683         62325.94050
1684         62451.50420
1685         62577.27300
1686         62703.24710
1687         62829.42690
1688         62955.81260
1689         63082.40430
1690         63209.20250
1691         63336.20720
1692         63463.41890
1693         63590.83760
1694         63718.46380
1695         63846.29750
1696         63974.33920
1697         64102.58900
1698         64231.04720
1699         64359.71400
1700         64488.58980
1701         64617.67470
1702         64746.96900
1703         64876.47300
1704         65006.18690
1705         65136.11100
1706         65266.24550
1707         65396.59070
1708         65527.14680
1709         65657.91410
1710         65788.89290
1711         65920.08340
1712         66051.48590
1713         66183.10060
1714         66314.92780
1715         66446.96770
1716         66579.22060
1717         66711.68670
1718         66844.36640
1719         66977.25980
1720         67110.36730
1721         67243.68900
1722         67377.22530
1723         67510.97640
1724         67644.94250
1725         67779.12400
1726         67913.52100
1727         68048.13390
1728         68182.96280
1729         68318.00820
1730         68453.27010
1731         68588.74890
1732         68724.44480
1733         68860.35810
1734         68996.48910
1735         69132.83800
1736         69269.40510
1737         69406.19060
1738         69543.19480
1739         69680.41790
1740         69817.86030
1741         69955.52210
1742         70093.40370
1743         70231.50540
1744         70369.82720
1745         70508.36960
1746         70647.13280
1747         70786.11710
1748         70925.32260
1749         71064.74980
1750         71204.39880
1751         71344.26990
1752         71484.36330
1753         71624.67940
1754         71765.21840
1755         71905.98060
1756         72046.96620
1757         72188.17550
1758         72329.60870
1759         72471.26620
1760         72613.14810
1761         72755.25480
1762         72897.58650
1763         73040.14360
1764         73182.92610
1765         73325.93450
1766         73469.16890
1767         73612.62970
1768         73756.31710
1769         73900.23140
1770         74044.37280
1771         74188.74170
1772         74333.33820
1773         74478.16270
1774         74623.21540
1775         74768.49660
1776         74914.00650
1777         75059.74550
1778         75205.71370
1779         75351.91150
1780         75498.33910
1781         75644.99680
1782         75791.88490
1783         75939.00360
1784         76086.35330
1785         76233.93400
1786         76381.74630
1787         76529.79020
1788         76678.06610
1789         76826.57430
1790         76975.31500
1791         77124.28850
1792         77273.49500
1793         77422.93490
1794         77572.60840
1795         77722.51580
1796         77872.65730
1797         78023.03320
1798         78173.64380
1799         78324.48940
1800         78475.57030
1801         78626.88660
1802         78778.43870
1803         78930.22690
1804         79082.25130
1805         79234.51240
1806         79387.01040
1807         79539.74550
1808         79692.71800
1809         79845.92830
1810         79999.37640
1811         80153.06290
1812         80306.98780
1813         80461.15150
1814         80615.55430
1815         80770.19650
1816         80925.07820
1817         81080.19990
1818         81235.56170
1819         81391.16390
1820         81547.00690
1821         81703.09080
1822         81859.41600
1823         82015.98280
1824         82172.79140
1825         82329.84200
1826         82487.13510
1827         82644.67080
1828         82802.44940
1829         82960.47120
1830         83118.73650
1831         83277.24560
1832         83435.99870
1833         83594.99610
1834         83754.23820
1835         83913.72500
1836         84073.45710
1837         84233.43450
1838         84393.65770
1839         84554.12690
1840         84714.84230
1841         84875.80420
1842         85037.01300
1843         85198.46890
1844         85360.17220
1845         85522.12310
1846         85684.32200
1847         85846.76910
1848         86009.46470
1849         86172.40910
1850         86335.60250
1851         86499.04530
1852         86662.73780
1853         86826.68010
1854         86990.87260
1855         87155.31560
1856         87320.00940
1857         87484.95410
1858         87650.15020
1859         87815.59790
1860         87981.29750
1861         88147.24930
1862         88313.45350
1863         88479.91040
1864         88646.62030
1865         88813.58360
1866         88980.80040
1867         89148.27100
1868         89315.99590
1869         89483.97510
1870         89652.20910
1871         89820.69810
1872         89989.44230
1873         90158.44220
1874         90327.69780
1875         90497.20970
1876         90666.97790
1877         90837.00280
1878         91007.28480
1879         91177.82400
1880         91348.62080
1881         91519.67550
1882         91690.98820
1883         91862.55950
1884         92034.38940
1885         92206.47830
1886         92378.82650
1887         92551.43430
1888         92724.30190
1889         92897.42970
1890         93070.81790
1891         93244.46680
1892         93418.37680
1893         93592.54800
1894         93766.98080
1895         93941.67550
1896         94116.63240
1897         94291.85170
1898         94467.33370
1899         94643.07880
1900         94819.08720
1901         94995.35920
1902         95171.89510
1903         95348.69520
1904         95525.75970
1905         95703.08900
1906         95880.68340
1907         96058.54310
1908         96236.66840
1909         96415.05970
1910         96593.71720
1911         96772.64120
1912         96951.83200
1913         97131.28990
1914         97311.01510
1915         97491.00810
1916         97671.26900
1917         97851.79810
1918         98032.59580
1919         98213.66240
1920         98394.99800
1921         98576.60310
1922         98758.47790
1923         98940.62270
1924         99123.03790
1925         99305.72360
1926         99488.68020
1927         99671.90800
1928         99855.40720
1929        100039.17800
1930        100223.22100
1931        100407.53700
1932        100592.12500
1933        100776.98600
1934        100962.12000
1935        101147.52800
1936        101333.21000
1937        101519.16500
1938        101705.39600
1939        101891.90100
1940        102078.68000
1941        102265.73600
1942        102453.06700
1943        102640.67300
1944        102828.55600
1945        103016.71600
1946        103205.15200
1947        103393.86500
1948        103582.85600
1949        103772.12400
1950        103961.67000
1951        104151.49500
1952        104341.59800
1953        104531.98000
1954        104722.64100
1955        104913.58200
1956        105104.80200
1957        105296.30200
1958        105488.08300
1959        105680.14500
1960        105872.48700
1961        106065.11100
1962        106258.01600
1963        106451.20300
1964        106644.67200
1965        106838.42400
1966        107032.45800
1967        107226.77500
1968        107421.37600
1969        107616.26000
1970        107811.42900
1971        108006.88100
1972        108202.61800
1973        108398.64000
1974        108594.94700
1975        108791.54000
1976        108988.41800
1977        109185.58300
1978        109383.03300
1979        109580.77100
1980        109778.79500
1981        109977.10600
1982        110175.70500
1983        110374.59200
1984        110573.76700
1985        110773.23100
1986        110972.98300
1987        111173.02500
1988        111373.35500
1989        111573.97600
1990        111774.88600
1991        111976.08700
1992        112177.57800
1993        112379.36000
1994        112581.43300
1995        112783.79800
1996        112986.45500
1997        113189.40300
1998        113392.64500
1999        113596.17800
2000        113800.00500
2001        114004.12500
2002        114208.53900
2003        114413.24700
2004        114618.24800
2005        114823.54500
2006        115029.13600
2007        115235.02200
2008        115441.20400
2009        115647.68200
2010        115854.45500
2011        116061.52500
2012        116268.89200
2013        116476.55600
2014        116684.51700
2015        116892.77500
2016        117101.33200
2017        117310.18600
2018        117519.34000
2019        117728.79100
2020        117938.54300
2021        118148.59300
2022        118358.94300
2023        118569.59400
2024        118780.54400
2025        118991.79600
2026        119203.34800
2027        119415.20200
2028        119627.35700
2029        119839.81400
2030        120052.57300
2031        120265.63500
2032        120478.99900
2033        120692.66700
2034        120906.63800
2035        121120.91300
2036        121335.49200
2037        121550.37500
2038        121765.56300
2039        121981.05600
2040        122196.85500
2041        122412.95900
2042        122629.36900
2043        122846.08500
2044        123063.10700
2045        123280.43700
2046        123498.07300
2047        123716.01700
2048        123934.26900
2049        124152.82900
2050        124371.69700
2051        124590.87400
2052        124810.36000
2053        125030.15600
2054        125250.26100
2055        125470.67600
2056        125691.40100
2057        125912.43700
2058        126133.78400
2059        126355.44200
2060        126577.41100
2061        126799.69300
2062        127022.28600
2063        127245.19200
2064        127468.41100
2065        127691.94300
2066        127915.78800
2067        128139.94700
2068        128364.42000
2069        128589.20700
2070        128814.30900
2071        129039.72600
2072        129265.45800
2073        129491.50600
2074        129717.86900
2075        129944.54900
2076        130171.54600
2077        130398.85900
2078        130626.48900
2079        130854.43700
2080        131082.70300
2081        131311.28700
2082        131540.18900
2083        131769.41000
2084        131998.95000
2085        132228.81000
2086        132458.98900
2087        132689.48800
2088        132920.30800
2089        133151.44800
2090        133382.90900
2091        133614.69100
2092        133846.79500
2093        134079.22100
2094        134311.96900
2095        134545.04000
2096        134778.43300
2097        135012.15000
2098        135246.19000
2099        135480.55400
2100        135715.24200
2101        135950.25400
2102        136185.59200
2103        136421.25400
2104        136657.24200
2105        136893.55500
2106        137130.19400
2107        137367.16000
2108        137604.45300
2109        137842.07200
2110        138080.01900
2111        138318.29300
2112        138556.89600
2113        138795.82600
2114        139035.08500
2115        139274.67400
2116        139514.59100
2117        139754.83800
2118        139995.41400
2119        140236.32100
2120        140477.55900
2121        140719.12700
2122        140961.02600
2123        141203.25700
2124        141445.81900
2125        141688.71400
2126        141931.94100
2127        142175.50100
2128        142419.39400
2129        142663.62000
2130        142908.18000
2131        143153.07400
2132        143398.30200
2133        143643.86500
2134        143889.76300
2135        144135.99700
2136        144382.56500
2137        144629.47000
2138        144876.71100
2139        145124.28900
2140        145372.20400
2141        145620.45600
2142        145869.04500
2143        146117.97200
2144        146367.23800
2145        146616.84200
2146        146866.78500
2147        147117.06700
2148        147367.68900
2149        147618.65000
2150        147869.95200
2151        148121.59400
2152        148373.57600
2153        148625.90000
2154        148878.56600
2155        149131.57300
2156        149384.92200
2157        149638.61400
2158        149892.64800
2159        150147.02500
2160        150401.74600
2161        150656.81000
2162        150912.21900
2163        151167.97200
2164        151424.06900
2165        151680.51200
2166        151937.30000
2167        152194.43300
2168        152451.91300
2169        152709.73800
2170        152967.91100
2171        153226.43000
2172        153485.29700
2173        153744.51100
2174        154004.07300
2175        154263.98400
2176        154524.24300
2177        154784.85000
2178        155045.80800
2179        155307.11400
2180        155568.77100
2181        155830.77800
2182        156093.13500
2183        156355.84300
2184        156618.90200
2185        156882.31300
2186        157146.07600
2187        157410.19100
2188        157674.65800
2189        157939.47800
2190        158204.65200
2191        158470.17900
2192        158736.05900
2193        159002.29400
2194        159268.88300
2195        159535.82700
2196        159803.12600
2197        160070.78100
2198        160338.79100
2199        160607.15800
2200        160875.88000
2201        161144.96000
2202        161414.39700
2203        161684.19100
2204        161954.34300
2205        162224.85300
2206        162495.72100
2207        162766.94800
2208        163038.53400
2209        163310.47900
2210        163582.78400
2211        163855.45000
2212        164128.47500
2213        164401.86100
2214        164675.60900
2215        164949.71700
2216        165224.18800
2217        165499.02000
2218        165774.21500
2219        166049.77200
2220        166325.69200
2221        166601.97600
2222        166878.62300
2223        167155.63500
2224        167433.01000
2225        167710.75100
2226        167988.85600
2227        168267.32700
2228        168546.16300
2229        168825.36500
2230        169104.93400
2231        169384.86900
2232        169665.17100
2233        169945.84100
2234        170226.87800
2235        170508.28300
2236        170790.05600
2237        171072.19800
2238        171354.70900
2239        171637.58900
2240        171920.83900
2241        172204.45900
2242        172488.44900
2243        172772.80900
2244        173057.54100
2245        173342.64400
2246        173628.11800
2247        173913.96400
2248        174200.18300
2249        174486.77400
2250        174773.73900
2251        175061.07600
2252        175348.78700
2253        175636.87200
2254        175925.33100
2255        176214.16500
2256        176503.37400
2257        176792.95800
2258        177082.91800
2259        177373.25300
2260        177663.96500
2261        177955.05400
2262        178246.51900
2263        178538.36200
2264        178830.58200
2265        179123.18000
2266        179416.15600
2267        179709.51100
2268        180003.24500
2269        180297.35800
2270        180591.85100
2271        180886.72400
2272        181181.97700
2273        181477.61000
2274        181773.62500
2275        182070.02100
2276        182366.79800
2277        182663.95700
2278        182961.49900
2279        183259.42300
2280        183557.73000
2281        183856.42000
2282        184155.49400
2283        184454.95200
2284        184754.79400
2285        185055.02100
2286        185355.63300
2287        185656.63000
2288        185958.01200
2289        186259.78100
2290        186561.93600
2291        186864.47700
2292        187167.40500
2293        187470.72100
2294        187774.42400
2295        188078.51500
2296        188382.99500
2297        188687.86300
2298        188993.12000
2299        189298.76700
2300        189604.80300
2301        189911.22900
2302        190218.04500
2303        190525.25200
2304        190832.85000
2305        191140.83900
2306        191449.22000
2307        191757.99300
2308        192067.15800
2309        192376.71600
2310        192686.66700
2311        192997.01100
2312        193307.74900
2313        193618.88100
2314        193930.40700
2315        194242.32800
2316        194554.64400
2317        194867.35500
2318        195180.46200
2319        195493.96500
2320        195807.86400
2321        196122.16000
2322        196436.85300
2323        196751.94300
2324        197067.43100
2325        197383.31800
2326        197699.60200
2327        198016.28500
2328        198333.36800
2329        198650.84900
2330        198968.73100
2331        199287.01200
2332        199605.69400
2333        199924.77600
2334        200244.26000
2335        200564.14500
2336        200884.43200
2337        201205.12100
2338        201526.21200
2339        201847.70600
2340        202169.60400
2341        202491.90400
2342        202814.60900
2343        203137.71700
2344        203461.23000
2345        203785.14800
2346        204109.47100
2347        204434.19900
2348        204759.33400
2349        205084.87400
2350        205410.82100
2351        205737.17400
2352        206063.93500
2353        206391.10400
2354        206718.68000
2355        207046.66400
2356        207375.05700
2357        207703.85900
2358        208033.06900
2359        208362.69000
2360        208692.72000
2361        209023.16100
2362        209354.01200
2363        209685.27300
2364        210016.94700
2365        210349.03100
2366        210681.52800
2367        211014.43700
2368        211347.75800
2369        211681.49200
2370        212015.64000
2371        212350.20100
2372        212685.17600
2373        213020.56600
2374        213356.37000
2375        213692.58800
2376        214029.22300
2377        214366.27300
2378        214703.73800
2379        215041.62000
2380        215379.91900
2381        215718.63500
2382        216057.76800
2383        216397.31900
2384        216737.28800
2385        217077.67500
2386        217418.48000
2387        217759.70500
2388        218101.34900
2389        218443.41300
2390        218785.89700
2391        219128.80100
2392        219472.12600
2393        219815.87300
2394        220160.04000
2395        220504.62900
2396        220849.64100
2397        221195.07400
2398        221540.93100
2399        221887.21000
2400        222233.91300
2401        222581.04000
2402        222928.59100
2403        223276.56600
2404        223624.96700
2405        223973.79200
2406        224323.04300
2407        224672.71900
2408        225022.82200
2409        225373.35100
2410        225724.30800
2411        226075.69100
2412        226427.50200
2413        226779.74000
2414        227132.40700
2415        227485.50300
2416        227839.02700
2417        228192.98100
2418        228547.36400
2419        228902.17700
2420        229257.42000
2421        229613.09400
2422        229969.19900
2423        230325.73500
2424        230682.70200
2425        231040.10200
2426        231397.93400
2427        231756.19800
2428        232114.89600
2429        232474.02700
2430        232833.59100
2431        233193.58900
2432        233554.02200
2433        233914.89000
2434        234276.19200
2435        234637.93000
2436        235000.10300
2437        235362.71300
2438        235725.75900
2439        236089.24100
2440        236453.16100
2441        236817.51800
2442        237182.31300
2443        237547.54600
2444        237913.21700
2445        238279.32700
2446        238645.87600
2447        239012.86500
2448        239380.29300
2449        239748.16200
2450        240116.47100
2451        240485.22100
2452        240854.41200
2453        241224.04400
2454        241594.11800
2455        241964.63500
2456        242335.59400
2457        242706.99600
2458        243078.84100
2459        243451.12900
2460        243823.86100
2461        244197.03800
2462        244570.65900
2463        244944.72500
2464        245319.23700
2465        245694.19400
2466        246069.59600
2467        246445.44500
2468        246821.74100
2469        247198.48400
2470        247575.67400
2471        247953.31100
2472        248331.39700
2473        248709.93000
2474        249088.91300
2475        249468.34400
2476        249848.22500
2477        250228.55600
2478        250609.33600
2479        250990.56700
2480        251372.24800
2481        251754.38100
2482        252136.96500
2483        252520.00000
2484        252903.48800
2485        253287.42800
2486        253671.82100
2487        254056.66700
2488        254441.96600
2489        254827.72000
2490        255213.92700
2491        255600.58800
2492        255987.70500
2493        256375.27600
2494        256763.30300
2495        257151.78600
2496        257540.72500
2497        257930.12100
2498        258319.97300
2499        258710.28300
2500        259101.05000
2501        259492.27500
2502        259883.95800
2503        260276.09900
2504        260668.70000
2505        261061.76000
2506        261455.27900
2507        261849.25800
2508        262243.69700
2509        262638.59700
2510        263033.95800
2511        263429.78100
2512        263826.06400
2513        264222.81000
2514        264620.01800
2515        265017.68900
2516        265415.82200
2517        265814.41900
2518        266213.48000
2519        266613.00500
2520        267012.99300
2521        267413.44700
2522        267814.36600
2523        268215.75000
2524        268617.59900
2525        269019.91500
2526        269422.69700
2527        269825.94600
2528        270229.66200
2529        270633.84500
2530        271038.49600
2531        271443.61500
2532        271849.20300
2533        272255.25900
2534        272661.78400
2535        273068.77900
2536        273476.24300
2537        273884.17800
2538        274292.58300
2539        274701.45900
2540        275110.80600
2541        275520.62500
2542        275930.91500
2543        276341.67800
2544        276752.91300
2545        277164.62100
2546        277576.80200
2547        277989.45700
2548        278402.58500
2549        278816.18800
2550        279230.26500
2551        279644.81700
2552        280059.84500
2553        280475.34800
2554        280891.32700
2555        281307.78200
2556        281724.71300
2557        282142.12200
2558        282560.00800
2559        282978.37100
2560        283397.21300
2561        283816.53300
2562        284236.33100
2563        284656.60800
2564        285077.36500
2565        285498.60100
2566        285920.31700
2567        286342.51400
2568        286765.19100
2569        287188.34900
2570        287611.98900
2571        288036.11000
2572        288460.71400
2573        288885.79900
2574        289311.36800
2575        289737.41900
2576        290163.95400
2577        290590.97300
2578        291018.47500
2579        291446.46200
2580        291874.93400
2581        292303.89100
2582        292733.33300
2583        293163.26100
2584        293593.67500
2585        294024.57500
2586        294455.96300
2587        294887.83700
2588        295320.19900
2589        295753.04900
2590        296186.38600
2591        296620.21300
2592        297054.52800
2593        297489.33200
2594        297924.62600
2595        298360.40900
2596        298796.68300
2597        299233.44700
2598        299670.70200
2599        300108.44800
2600        300546.68600
2601        300985.41600
2602        301424.63700
2603        301864.35200
2604        302304.55900
2605        302745.25900
2606        303186.45300
2607        303628.14100
2608        304070.32300
2609        304513.00000
2610        304956.17100
2611        305399.83800
2612        305844.00000
2613        306288.65800
2614        306733.81300
2615        307179.46400
2616        307625.61200
2617        308072.25700
2618        308519.40000
2619        308967.04100
2620        309415.18000
2621        309863.81800
2622        310312.95500
2623        310762.59100
2624        311212.72600
2625        311663.36200
2626        312114.49800
2627        312566.13400
2628        313018.27200
2629        313470.91100
2630        313924.05100
2631        314377.69300
2632        314831.83800
2633        315286.48600
2634        315741.63600
2635        316197.29000
2636        316653.44700
2637        317110.10900
2638        317567.27500
2639        318024.94500
2640        318483.12100
2641        318941.80200
2642        319400.98800
2643        319860.68100
2644        320320.88000
2645        320781.58600
2646        321242.79900
2647        321704.51900
2648        322166.74700
2649        322629.48200
2650        323092.72700
2651        323556.48000
2652        324020.74200
2653        324485.51300
2654        324950.79500
2655        325416.58600
2656        325882.88700
2657        326349.70000
2658        326817.02300
2659        327284.85800
2660        327753.20500
2661        328222.06400
2662        328691.43500
2663        329161.31900
2664        329631.71500
2665        330102.62600
2666        330574.05000
2667        331045.98800
2668        331518.44100
2669        331991.40800
2670        332464.89100
2671        332938.88900
2672        333413.40200
2673        333888.43200
2674        334363.97800
2675        334840.04200
2676        335316.62200
2677        335793.71900
2678        336271.33400
2679        336749.46800
2680        337228.12000
2681        337707.29000
2682        338186.98000
2683        338667.18900
2684        339147.91800
2685        339629.16700
2686        340110.93700
2687        340593.22700
2688        341076.03900
2689        341559.37200
2690        342043.22600
2691        342527.60300
2692        343012.50200
2693        343497.92400
2694        343983.86900
2695        344470.33800
2696        344957.33000
2697        345444.84700
2698        345932.88800
2699        346421.45300
2700        346910.54400
2701        347400.16000
2702        347890.30200
2703        348380.97000
2704        348872.16500
2705        349363.88600
2706        349856.13500
2707        350348.91000
2708        350842.21400
2709        351336.04600
2710        351830.40600
2711        352325.29500
2712        352820.71300
2713        353316.66000
2714        353813.13800
2715        354310.14500
2716        354807.68300
2717        355305.75100
2718        355804.35100
2719        356303.48200
2720        356803.14500
2721        357303.34000
2722        357804.06700
2723        358305.32700
2724        358807.12000
2725        359309.44600
2726        359812.30700
2727        360315.70100
2728        360819.63000
2729        361324.09300
2730        361829.09200
2731        362334.62500
2732        362840.69500
2733        363347.30100
2734        363854.44300
2735        364362.12100
2736        364870.33700
2737        365379.09000
2738        365888.38100
2739        366398.21000
2740        366908.57700
2741        367419.48300
2742        367930.92800
2743        368442.91200
2744        368955.43600
2745        369468.50000
2746        369982.10500
2747        370496.25000
2748        371010.93600
2749        371526.16300
2750        372041.93200
2751        372558.24300
2752        373075.09600
2753        373592.49200
2754        374110.43100
2755        374628.91300
2756        375147.93900
2757        375667.50800
2758        376187.62200
2759        376708.28100
2760        377229.48400
2761        377751.23300
2762        378273.52800
2763        378796.36800
2764        379319.75400
2765        379843.68700
2766        380368.16700
2767        380893.19500
2768        381418.76900
2769        381944.89200
2770        382471.56300
2771        382998.78200
2772        383526.55100
2773        384054.86800
2774        384583.73500
2775        385113.15200
2776        385643.11900
2777        386173.63600
2778        386704.70400
2779        387236.32400
2780        387768.49500
2781        388301.21700
2782        388834.49200
2783        389368.31900
2784        389902.69900
2785        390437.63200
2786        390973.11900
2787        391509.15900
2788        392045.75400
2789        392582.90200
2790        393120.60600
2791        393658.86400
2792        394197.67800
2793        394737.04800
2794        395276.97400
2795        395817.45600
2796        396358.49400
2797        396900.09000
2798        397442.24300
2799        397984.95300
2800        398528.22200
2801        399072.04900
2802        399616.43400
2803        400161.37900
2804        400706.88200
2805        401252.94600
2806        401799.56900
2807        402346.75200
2808        402894.49600
2809        403442.80100
2810        403991.66700
2811        404541.09400
2812        405091.08400
2813        405641.63500
2814        406192.74900
2815        406744.42600
2816        407296.66600
2817        407849.47000
2818        408402.83700
2819        408956.76800
2820        409511.26400
2821        410066.32500
2822        410621.95000
2823        411178.14100
2824        411734.89800
2825        412292.22000
2826        412850.11000
2827        413408.56500
2828        413967.58800
2829        414527.17800
2830        415087.33600
2831        415648.06100
2832        416209.35500
2833        416771.21800
2834        417333.64900
2835        417896.65000
2836        418460.22000
2837        419024.36000
2838        419589.07000
2839        420154.35100
2840        420720.20300
2841        421286.62500
2842        421853.62000
2843        422421.18600
2844        422989.32400
2845        423558.03400
2846        424127.31800
2847        424697.17400
2848        425267.60400
2849        425838.60700
2850        426410.18500
2851        426982.33700
2852        427555.06300
2853        428128.36400
2854        428702.24100
2855        429276.69400
2856        429851.72200
2857        430427.32600
2858        431003.50800
2859        431580.26600
2860        432157.60100
2861        432735.51300
2862        433314.00400
2863        433893.07300
2864        434472.72000
2865        435052.94600
2866        435633.75100
2867        436215.13500
2868        436797.09900
2869        437379.64400
2870        437962.76800
2871        438546.47400
2872        439130.76000
2873        439715.62700
2874        440301.07700
2875        440887.10800
2876        441473.72100
2877        442060.91700
2878        442648.69600
2879        443237.05800
2880        443826.00400
2881        444415.53300
2882        445005.64700
2883        445596.34500
2884        446187.62700
2885        446779.49500
2886        447371.94800
2887        447964.98700
2888        448558.61200
2889        449152.82400
2890        449747.62200
2891        450343.00700
2892        450938.97900
2893        451535.53900
2894        452132.68700
2895        452730.42200
2896        453328.74700
2897        453927.66000
2898        454527.16300
2899        455127.25500
2900        455727.93600
2901        456329.20800
2902        456931.07100
2903        457533.52400
2904        458136.56700
2905        458740.20300
2906        459344.43000
2907        459949.24900
2908        460554.66000
2909        461160.66400
2910        461767.26000
2911        462374.45000
2912        462982.23400
2913        463590.61100
2914        464199.58200
2915        464809.14800
2916        465419.30900
2917        466030.06400
2918        466641.41500
2919        467253.36200
2920        467865.90400
2921        468479.04300
2922        469092.77900
2923        469707.11100
2924        470322.04100
2925        470937.56800
2926        471553.69400
2927        472170.41700
2928        472787.73900
2929        473405.65900
2930        474024.17900
2931        474643.29800
2932        475263.01600
2933        475883.33500
2934        476504.25400
2935        477125.77300
2936        477747.89400
2937        478370.61600
2938        478993.93900
2939        479617.86400
2940        480242.39100
2941        480867.52100
2942        481493.25300
2943        482119.58900
2944        482746.52800
2945        483374.07000
2946        484002.21700
2947        484630.96800
2948        485260.32300
2949        485890.28400
2950        486520.84900
2951        487152.02000
2952        487783.79700
2953        488416.18000
2954        489049.17000
2955        489682.76600
2956        490316.96900
2957        490951.78000
2958        491587.19800
2959        492223.22400
2960        492859.85800
2961        493497.10100
2962        494134.95300
2963        494773.41400
2964        495412.48400
2965        496052.16500
2966        496692.45500
2967        497333.35500
2968        497974.86700
2969        498616.98900
2970        499259.72200
2971        499903.06800
2972        500547.02500
2973        501191.59400
2974        501836.77500
2975        502482.57000
2976        503128.97700
2977        503775.99800
2978        504423.63300
2979        505071.88200
2980        505720.74500
2981        506370.22200
2982        507020.31400
2983        507671.02200
2984        508322.34500
2985        508974.28400
2986        509626.83900
2987        510280.01000
2988        510933.79800
2989        511588.20300
2990        512243.22500
2991        512898.86500
2992        513555.12300
2993        514211.99900
2994        514869.49300
2995        515527.60700
2996        516186.33900
2997        516845.69100
2998        517505.66200
2999        518166.25300
3000        518827.46500
3001        519489.29700
3002        520151.75000
3003        520814.82400
3004        521478.52000
3005        522142.83700
3006        522807.77700
3007        523473.33900
3008        524139.52300
3009        524806.33000
3010        525473.76100
3011        526141.81500
3012        526810.49300
3013        527479.79500
3014        528149.72200
3015        528820.27300
3016        529491.44900
3017        530163.25100
3018        530835.67800
3019        531508.73100
3020        532182.41000
3021        532856.71600
3022        533531.64800
3023        534207.20800
3024        534883.39500
3025        535560.20900
3026        536237.65200
3027        536915.72200
3028        537594.42200
3029        538273.75000
3030        538953.70700
3031        539634.29400
3032        540315.51000
3033        540997.35600
3034        541679.83300
3035        542362.94000
3036        543046.67800
3037        543731.04700
3038        544416.04800
3039        545101.68100
3040        545787.94500
3041        546474.84200
3042        547162.37100
3043        547850.53400
3044        548539.32900
3045        549228.75800
3046        549918.82100
3047        550609.51800
3048        551300.84900
3049        551992.81500
3050        552685.41600
3051        553378.65200
3052        554072.52400
3053        554767.03100
3054        555462.17400
3055        556157.95400
3056        556854.37100
3057        557551.42400
3058        558249.11500
3059        558947.44300
3060        559646.41000
3061        560346.01400
3062        561046.25600
3063        561747.13800
3064        562448.65800
3065        563150.81700
3066        563853.61700
3067        564557.05500
3068        565261.13400
3069        565965.85400
3070        566671.21400
3071        567377.21500
3072        568083.85700
3073        568791.14100
3074        569499.06700
3075        570207.63500
3076        570916.84500
3077        571626.69800
3078        572337.19400
3079        573048.33300
3080        573760.11600
3081        574472.54200
3082        575185.61300
3083        575899.32800
3084        576613.68800
3085        577328.69200
3086        578044.34200
3087        578760.63800
3088        579477.57900
3089        580195.16600
3090        580913.40000
3091        581632.28000
3092        582351.80800
3093        583071.98200
3094        583792.80400
3095        584514.27400
3096        585236.39200
3097        585959.15800
3098        586682.57300
3099        587406.63700
3100        588131.35000
3101        588856.71200
3102        589582.72400
3103        590309.38600
3104        591036.69900
3105        591764.66200
3106        592493.27600
3107        593222.54100
3108        593952.45700
3109        594683.02500
3110        595414.24600
3111        596146.11800
3112        596878.64300
3113        597611.82100
3114        598345.65200
3115        599080.13600
3116        599815.27400
3117        600551.06600
3118        601287.51200
3119        602024.61200
3120        602762.36800
3121        603500.77800
3122        604239.84400
3123        604979.56500
3124        605719.94200
3125        606460.97600
3126        607202.66500
3127        607945.01200
3128        608688.01500
3129        609431.67600
3130        610175.99400
3131        610920.97000
3132        611666.60400
3133        612412.89600
3134        613159.84700
3135        613907.45700
3136        614655.72600
3137        615404.65400
3138        616154.24300
3139        616904.49100
3140        617655.39900
3141        618406.96800
3142        619159.19800
3143        619912.08900
3144        620665.64100
3145        621419.85500
3146        622174.73100
3147        622930.26900
3148        623686.46900
3149        624443.33200
3150        625200.85800
3151        625959.04800
3152        626717.90000
3153        627477.41700
3154        628237.59800
3155        628998.44300
3156        629759.95300
3157        630522.12700
3158        631284.96700
3159        632048.47200
3160        632812.64300
3161        633577.48000
3162        634342.98300
3163        635109.15200
3164        635875.98900
3165        636643.49200
3166        637411.66300
3167        638180.50100
3168        638950.00700
3169        639720.18100
3170        640491.02400
3171        641262.53500
3172        642034.71500
3173        642807.56400
3174        643581.08300
3175        644355.27200
3176        645130.13000
3177        645905.65900
3178        646681.85800
3179        647458.72800
3180        648236.26900
3181        649014.48100
3182        649793.36500
3183        650572.92100
3184        651353.14900
3185        652134.04900
3186        652915.62200
3187        653697.86700
3188        654480.78600
3189        655264.37900
3190        656048.64500
3191        656833.58500
3192        657619.19900
3193        658405.48700
3194        659192.45100
3195        659980.08900
3196        660768.40300
3197        661557.39200
3198        662347.05700
3199        663137.39800
3200        663928.41600
3201        664720.11000
3202        665512.48000
3203        666305.52800
3204        667099.25400
3205        667893.65600
3206        668688.73700
3207        669484.49600
3208        670280.93300
3209        671078.04900
3210        671875.84400
3211        672674.31800
3212        673473.47200
3213        674273.30500
3214        675073.81800
3215        675875.01200
3216        676676.88600
3217        677479.44000
3218        678282.67600
3219        679086.59300
3220        679891.19100
3221        680696.47200
3222        681502.43400
3223        682309.07800
3224        683116.40500
3225        683924.41500
3226        684733.10800
3227        685542.48400
3228        686352.54400
3229        687163.28800
3230        687974.71500
3231        688786.82700
3232        689599.62400
3233        690413.10500
3234        691227.27200
3235        692042.12400
3236        692857.66100
3237        693673.88500
3238        694490.79400
3239        695308.39000
3240        696126.67300
3241        696945.64200
3242        697765.29800
3243        698585.64200
3244        699406.67400
3245        700228.39300
3246        701050.80100
3247        701873.89700
3248        702697.68200
3249        703522.15500
3250        704347.31800
3251        705173.17000
3252        705999.71200
3253        706826.94300
3254        707654.86500
3255        708483.47700
3256        709312.78000
3257        710142.77400
3258        710973.45900
3259        711804.83600
3260        712636.90400
3261        713469.66400
3262        714303.11600
3263        715137.26000
3264        715972.09800
3265        716807.62800
3266        717643.85100
3267        718480.76800
3268        719318.37800
3269        720156.68200
3270        720995.68100
3271        721835.37300
3272        722675.76100
3273        723516.84300
3274        724358.62000
3275        725201.09300
3276        726044.26200
3277        726888.12600
3278        727732.68700
3279        728577.94300
3280        729423.89700
3281        730270.54700
3282        731117.89400
3283        731965.93900
3284        732814.68200
3285        733664.12200
3286        734514.26000
3287        735365.09700
3288        736216.63200
3289        737068.86600
3290        737921.79900
3291        738775.43100
3292        739629.76300
3293        740484.79500
3294        741340.52600
3295        742196.95800
3296        743054.09100
3297        743911.92400
3298        744770.45800
3299        745629.69400
3300        746489.63100
3301        747350.27000
3302        748211.61000
3303        749073.65300
3304        749936.39800
3305        750799.84600
3306        751663.99700
3307        752528.85100
3308        753394.40900
3309        754260.67000
3310        755127.63500
3311        755995.30400
3312        756863.67800
3313        757732.75600
3314        758602.53900
3315        759473.02700
3316        760344.22000
3317        761216.11900
3318        762088.72400
3319        762962.03500
3320        763836.05200
3321        764710.77500
3322        765586.20500
3323        766462.34300
3324        767339.18700
3325        768216.73900
3326        769094.99800
3327        769973.96600
3328        770853.64200
3329        771734.02600
3330        772615.11800
3331        773496.92000
3332        774379.43000
3333        775262.65000
3334        776146.58000
3335        777031.21900
3336        777916.56900
3337        778802.62800
3338        779689.39800
3339        780576.87900
3340        781465.07100
3341        782353.97400
3342        783243.58800
3343        784133.91400
3344        785024.95200
3345        785916.70300
3346        786809.16500
3347        787702.34000
3348        788596.22800
3349        789490.82900
3350        790386.14300
3351        791282.17100
3352        792178.91200
3353        793076.36800
3354        793974.53700
3355        794873.42200
3356        795773.02000
3357        796673.33400
3358        797574.36300
3359        798476.10700
3360        799378.56600
3361        800281.74200
3362        801185.63300
3363        802090.24100
3364        802995.56600
3365        803901.60700
3366        804808.36400
3367        805715.84000
3368        806624.03200
3369        807532.94200
3370        808442.57000
3371        809352.91600
3372        810263.98100
3373        811175.76300
3374        812088.26500
3375        813001.48600
3376        813915.42600
3377        814830.08500
3378        815745.46400
3379        816661.56300
3380        817578.38100
3381        818495.92100
3382        819414.18000
3383        820333.16100
3384        821252.86300
3385        822173.28500
3386        823094.42900
3387        824016.29500
3388        824938.88300
3389        825862.19300
3390        826786.22500
3391        827710.98000
3392        828636.45700
3393        829562.65800
3394        830489.58200
3395        831417.22900
3396        832345.60000
3397        833274.69500
3398        834204.51300
3399        835135.05600
3400        836066.32400
3401        836998.31700
3402        837931.03400
3403        838864.47700
3404        839798.64500
3405        840733.53800
3406        841669.15800
3407        842605.50300
3408        843542.57500
3409        844480.37400
3410        845418.89900
3411        846358.15100
3412        847298.13000
3413        848238.83700
3414        849180.27100
3415        850122.43300
3416        851065.32300
3417        852008.94100
3418        852953.28800
3419        853898.36300
3420        854844.16800
3421        855790.70100
3422        856737.96400
3423        857685.95600
3424        858634.67800
3425        859584.13000
3426        860534.31200
3427        861485.22500
3428        862436.86800
3429        863389.24200
3430        864342.34700
3431        865296.18300
3432        866250.75100
3433        867206.05000
3434        868162.08100
3435        869118.84400
3436        870076.34000
3437        871034.56800
3438        871993.52900
3439        872953.22300
3440        873913.65000
3441        874874.81000
3442        875836.70400
3443        876799.33100
3444        877762.69300
3445        878726.78900
3446        879691.61900
3447        880657.18400
3448        881623.48400
3449        882590.51800
3450        883558.28800
3451        884526.79400
3452        885496.03500
3453        886466.01200
3454        887436.72500
3455        888408.17400
3456        889380.36000
3457        890353.28200
3458        891326.94200
3459        892301.33800
3460        893276.47200
3461        894252.34300
3462        895228.95200
3463        896206.29900
3464        897184.38400
3465        898163.20800
3466        899142.77000
3467        900123.07100
3468        901104.11000
3469        902085.88900
3470        903068.40800
3471        904051.66500
3472        905035.66300
3473        906020.40100
3474        907005.87800
3475        907992.09700
3476        908979.05500
3477        909966.75500
3478        910955.19500
3479        911944.37700
3480        912934.30000
3481        913924.96500
3482        914916.37100
3483        915908.52000
3484        916901.41100
3485        917895.04400
3486        918889.41900
3487        919884.53800
3488        920880.40000
3489        921877.00400
3490        922874.35200
3491        923872.44400
3492        924871.28000
3493        925870.85900
3494        926871.18300
3495        927872.25100
3496        928874.06400
3497        929876.62100
3498        930879.92400
3499        931883.97100
3500        932888.76400