   1            26.51606
   2            48.28523
   3            70.23397
   4            92.22364
   5           114.22912
   6           136.24240
   7           158.26008
   8           180.28052
   9           202.30280
  10           224.32639
  11           246.35093
  12           268.37621
  13           290.40205
  14           312.42836
  15           334.45505
  16           356.48206
  17           378.50933
  18           400.53684
  19           422.56456
  20           444.59246
  21           466.62052
  22           488.64874
  23           510.67709
  24           532.70556
  25           554.73415
  26           576.76286
  27           598.79167
  28           620.82057
  29           642.84957
  30           664.87866
  31           686.90783
  32           708.93709
  33           730.96643
  34           752.99585
  35           775.02534
  36           797.05490
  37           819.08454
  38           841.11425
  39           863.14403
  40           885.17388
  41           907.20380
  42           929.23378
  43           951.26383
  44           973.29394
  45           995.32412
  46          1017.35436
  47          1039.38466
  48          1061.41503
  49          1083.44546
  50          1105.47595
  51          1127.50650
  52          1149.53712
  53          1171.56781
  54          1193.59856
  55          1215.62937
  56          1237.66026
  57          1259.69122
  58          1281.72225
  59          1303.75337
  60          1325.78457
  61          1347.81585
  62          1369.84724
  63          1391.87873
  64          1413.91034
  65          1435.94208
  66          1457.97396
  67          1480.00600
  68          1502.03822
  69          1524.07063
  70          1546.10326
  71          1568.13613
  72          1590.16929
  73          1612.20275
  74          1634.23655
  75          1656.27074
  76          1678.30536
  77          1700.34045
  78          1722.37608
  79          1744.41230
  80          1766.44918
  81          1788.48677
  82          1810.52517
  83          1832.56444
  84          1854.60468
  85          1876.64597
  86          1898.68843
  87          1920.73215
  88          1942.77724
  89          1964.82384
  90          1986.87206
  91          2008.92203
  92          2030.97392
  93          2053.02785
  94          2075.08400
  95          2097.14253
  96          2119.20360
  97          2141.26742
  98          2163.33415
  99          2185.40402
 100          2207.47721
 101          2229.55396
 102          2251.63447
 103          2273.71899
 104          2295.80776
 105          2317.90103
 106          2339.99905
 107          2362.10209
 108          2384.21042
 109          2406.32434
 110          2428.44412
 111          2450.57008
 112          2472.70252
 113          2494.84175
 114          2516.98809
 115          2539.14189
 116          2561.30348
 117          2583.47320
 118          2605.65141
 119          2627.83848
 120          2650.03476
 121          2672.24065
 122          2694.45651
 123          2716.68274
 124          2738.91974
 125          2761.16791
 126          2783.42766
 127          2805.69940
 128          2827.98355
 129          2850.28055
 130          2872.59082
 131          2894.91480
 132          2917.25293
 133          2939.60567
 134          2961.97347
 135          2984.35678
 136          3006.75607
 137          3029.17180
 138          3051.60445
 139          3074.05448
 140          3096.52239
 141          3119.00865
 142          3141.51375
 143          3164.03818
 144          3186.58242
 145          3209.14699
 146          3231.73237
 147          3254.33907
 148          3276.96759
 149          3299.61844
 150          3322.29213
 151          3344.98916
 152          3367.71005
 153          3390.45532
 154          3413.22548
 155          3436.02105
 156          3458.84255
 157          3481.69050
 158          3504.56541
 159          3527.46782
 160          3550.39824
 161          3573.35721
 162          3596.34523
 163          3619.36285
 164          3642.41059
 165          3665.48896
 166          3688.59851
 167          3711.73974
 168          3734.91320
 169          3758.11941
 170          3781.35889
 171          3804.63216
 172          3827.93977
 173          3851.28222
 174          3874.66004
 175          3898.07377
 176          3921.52391
 177          3945.01100
 178          3968.53555
 179          3992.09809
 180          4015.69914
 181          4039.33921
 182          4063.01882
 183          4086.73849
 184          4110.49874
 185          4134.30008
 186          4158.14302
 187          4182.02808
 188          4205.95577
 189          4229.92658
 190          4253.94104
 191          4277.99965
 192          4302.10292
 193          4326.25134
 194          4350.44542
 195          4374.68566
 196          4398.97255
 197          4423.30660
 198          4447.68831
 199          4472.11815
 200          4496.59663
 201          4521.12424
 202          4545.70146
 203          4570.32878
 204          4595.00669
 205          4619.73567
 206          4644.51620
 207          4669.34876
 208          4694.23383
 209          4719.17188
 210          4744.16340
 211          4769.20884
 212          4794.30869
 213          4819.46341
 214          4844.67346
 215          4869.93932
 216          4895.26145
 217          4920.64031
 218          4946.07635
 219          4971.57004
 220          4997.12184
 221          5022.73219
 222          5048.40155
 223          5074.13037
 224          5099.91910
 225          5125.76819
 226          5151.67808
 227          5177.64922
 228          5203.68204
 229          5229.77700
 230          5255.93452
 231          5282.15504
 232          5308.43900
 233          5334.78684
 234          5361.19898
 235          5387.67585
 236          5414.21788
 237          5440.82551
 238          5467.49915
 239          5494.23922
 240          5521.04616
 241          5547.92038
 242          5574.86229
 243          5601.87233
 244          5628.95089
 245          5656.09840
 246          5683.31527
 247          5710.60191
 248          5737.95872
 249          5765.38613
 250          5792.88453
 251          5820.45433
 252          5848.09593
 253          5875.80974
 254          5903.59616
 255          5931.45558
 256          5959.38841
 257          5987.39504
 258          6015.47587
 259          6043.63130
 260          6071.86170
 261          6100.16749
 262          6128.54905
 263          6157.00676
 264          6185.54102
 265          6214.15221
 266          6242.84072
 267          6271.60694
 268          6300.45124
 269          6329.37401
 270          6358.37563
 271          6387.45649
 272          6416.61695
 273          6445.85740
 274          6475.17822
 275          6504.57978
 276          6534.06246
 277          6563.62662
 278          6593.27265
 279          6623.00092
 280          6652.81179
 281          6682.70564
 282          6712.68283
 283          6742.74374
 284          6772.88873
 285          6803.11817
 286          6833.43242
 287          6863.83185
 288          6894.31682
 289          6924.88770
 290          6955.54484
 291          6986.28862
 292          7017.11938
 293          7048.03750
 294          7079.04333
 295          7110.13723
 296          7141.31955
 297          7172.59066
 298          7203.95091
 299          7235.40066
 300          7266.94026
 301          7298.57006
 302          7330.29043
 303          7362.10171
 304          7394.00426
 305          7425.99842
 306          7458.08456
 307          7490.26302
 308          7522.53415
 309          7554.89831
 310          7587.35584
 311          7619.90708
 312          7652.55240
 313          7685.29214
 314          7718.12664
 315          7751.05625
 316          7784.08133
 317          7817.20220
 318          7850.41923
 319          7883.73276
 320          7917.14313
 321          7950.65068
 322          7984.25576
 323          8017.95872
 324          8051.75990
 325          8085.65964
 326          8119.65828
 327          8153.75616
 328          8187.95364
 329          8222.25105
 330          8256.64872
 331          8291.14702
 332          8325.74626
 333          8360.44681
 334          8395.24898
 335          8430.15314
 336          8465.15961
 337          8500.26874
 338          8535.48086
 339          8570.79632
 340          8606.21545
 341          8641.73860
 342          8677.36610
 343          8713.09830
 344          8748.93552
 345          8784.87811
 346          8820.92641
 347          8857.08075
 348          8893.34148
 349          8929.70893
 350          8966.18344
 351          9002.76535
 352          9039.45499
 353          9076.25270
 354          9113.15882
 355          9150.17369
 356          9187.29765
 357          9224.53102
 358          9261.87416
 359          9299.32739
 360          9336.89106
 361          9374.56550
 362          9412.35105
 363          9450.24804
 364          9488.25682
 365          9526.37772
 366          9564.61108
 367          9602.95723
 368          9641.41651
 369          9679.98926
 370          9718.67583
 371          9757.47653
 372          9796.39172
 373          9835.42173
 374          9874.56689
 375          9913.82755
 376          9953.20405
 377          9992.69672
 378         10032.30590
 379         10072.03190
 380         10111.87510
 381         10151.83590
 382         10191.91450
 383         10232.11120
 384         10272.42660
 385         10312.86080
 386         10353.41420
 387         10394.08720
 388         10434.88010
 389         10475.79320
 390         10516.82690
 391         10557.98150
 392         10599.25740
 393         10640.65490
 394         10682.17430
 395         10723.81600
 396         10765.58020
 397         10807.46750
 398         10849.47810
 399         10891.61220
 400         10933.87040
 401         10976.25290
 402         11018.76010
 403         11061.39230
 404         11104.14980
 405         11147.03300
 406         11190.04230
 407         11233.17790
 408         11276.44030
 409         11319.82970
 410         11363.34650
 411         11406.99110
 412         11450.76380
 413         11494.66490
 414         11538.69490
 415         11582.85390
 416         11627.14250
 417         11671.56090
 418         11716.10940
 419         11760.78850
 420         11805.59840
 421         11850.53950
 422         11895.61230
 423         11940.81690
 424         11986.15370
 425         12031.62320
 426         12077.22570
 427         12122.96140
 428         12168.83080
 429         12214.83420
 430         12260.97190
 431         12307.24440
 432         12353.65190
 433         12400.19480
 434         12446.87340
 435         12493.68820
 436         12540.63940
 437         12587.72750
 438         12634.95270
 439         12682.31540
 440         12729.81600
 441         12777.45480
 442         12825.23230
 443         12873.14860
 444         12921.20420
 445         12969.39950
 446         13017.73480
 447         13066.21040
 448         13114.82680
 449         13163.58420
 450         13212.48310
 451         13261.52370
 452         13310.70650
 453         13360.03180
 454         13409.50000
 455         13459.11130
 456         13508.86630
 457         13558.76520
 458         13608.80840
 459         13658.99630
 460         13709.32920
 461         13759.80750
 462         13810.43160
 463         13861.20170
 464         13912.11840
 465         13963.18190
 466         14014.39260
 467         14065.75080
 468         14117.25700
 469         14168.91150
 470         14220.71470
 471         14272.66690
 472         14324.76850
 473         14377.01980
 474         14429.42140
 475         14481.97340
 476         14534.67630
 477         14587.53040
 478         14640.53610
 479         14693.69380
 480         14747.00390
 481         14800.46670
 482         14854.08260
 483         14907.85200
 484         14961.77520
 485         15015.85260
 486         15070.08460
 487         15124.47160
 488         15179.01390
 489         15233.71190
 490         15288.56600
 491         15343.57660
 492         15398.74400
 493         15454.06860
 494         15509.55080
 495         15565.19100
 496         15620.98960
 497         15676.94680
 498         15733.06320
 499         15789.33910
 500         15845.77480
 501         15902.37080
 502         15959.12740
 503         16016.04510
 504         16073.12410
 505         16130.36490
 506         16187.76790
 507         16245.33340
 508         16303.06180
 509         16360.95360
 510         16419.00910
 511         16477.22860
 512         16535.61270
 513         16594.16160
 514         16652.87570
 515         16711.75550
 516         16770.80140
 517         16830.01360
 518         16889.39260
 519         16948.93890
 520         17008.65270
 521         17068.53460
 522         17128.58480
 523         17188.80370
 524         17249.19180
 525         17309.74950
 526         17370.47710
 527         17431.37510
 528         17492.44380
 529         17553.68370
 530         17615.09500
 531         17676.67830
 532         17738.43400
 533         17800.36230
 534         17862.46380
 535         17924.73880
 536         17987.18770
 537         18049.81100
 538         18112.60890
 539         18175.58200
 540         18238.73070
 541         18302.05520
 542         18365.55610
 543         18429.23370
 544         18493.08850
 545         18557.12080
 546         18621.33110
 547         18685.71980
 548         18750.28720
 549         18815.03380
 550         18879.95990
 551         18945.06610
 552         19010.35260
 553         19075.82000
 554         19141.46860
 555         19207.29880
 556         19273.31110
 557         19339.50580
 558         19405.88340
 559         19472.44430
 560         19539.18890
 561         19606.11760
 562         19673.23080
 563         19740.52890
 564         19808.01240
 565         19875.68170
 566         19943.53720
 567         20011.57930
 568         20079.80840
 569         20148.22490
 570         20216.82940
 571         20285.62210
 572         20354.60350
 573         20423.77410
 574         20493.13420
 575         20562.68430
 576         20632.42480
 577         20702.35610
 578         20772.47870
 579         20842.79290
 580         20913.29930
 581         20983.99820
 582         21054.89000
 583         21125.97520
 584         21197.25420
 585         21268.72750
 586         21340.39540
 587         21412.25850
 588         21484.31700
 589         21556.57160
 590         21629.02250
 591         21701.67030
 592         21774.51530
 593         21847.55800
 594         21920.79890
 595         21994.23830
 596         22067.87670
 597         22141.71460
 598         22215.75230
 599         22289.99040
 600         22364.42920
 601         22439.06920
 602         22513.91080
 603         22588.95450
 604         22664.20080
 605         22739.64990
 606         22815.30250
 607         22891.15890
 608         22967.21960
 609         23043.48510
 610         23119.95570
 611         23196.63190
 612         23273.51420
 613         23350.60300
 614         23427.89880
 615         23505.40190
 616         23583.11300
 617         23661.03230
 618         23739.16040
 619         23817.49770
 620         23896.04470
 621         23974.80180
 622         24053.76940
 623         24132.94810
 624         24212.33820
 625         24291.94020
 626         24371.75470
 627         24451.78200
 628         24532.02250
 629         24612.47680
 630         24693.14540
 631         24774.02860
 632         24855.12690
 633         24936.44080
 634         25017.97080
 635         25099.71730
 636         25181.68070
 637         25263.86160
 638         25346.26040
 639         25428.87750
 640         25511.71350
 641         25594.76870
 642         25678.04380
 643         25761.53900
 644         25845.25490
 645         25929.19200
 646         26013.35070
 647         26097.73150
 648         26182.33490
 649         26267.16130
 650         26352.21130
 651         26437.48520
 652         26522.98350
 653         26608.70680
 654         26694.65550
 655         26780.83010
 656         26867.23100
 657         26953.85880
 658         27040.71380
 659         27127.79670
 660         27215.10770
 661         27302.64760
 662         27390.41660
 663         27478.41540
 664         27566.64430
 665         27655.10390
 666         27743.79460
 667         27832.71700
 668         27921.87140
 669         28011.25850
 670         28100.87860
 671         28190.73230
 672         28280.82010
 673         28371.14240
 674         28461.69970
 675         28552.49250
 676         28643.52140
 677         28734.78670
 678         28826.28900
 679         28918.02880
 680         29010.00650
 681         29102.22270
 682         29194.67790
 683         29287.37250
 684         29380.30700
 685         29473.48200
 686         29566.89790
 687         29660.55530
 688         29754.45450
 689         29848.59620
 690         29942.98090
 691         30037.60890
 692         30132.48090
 693         30227.59720
 694         30322.95860
 695         30418.56530
 696         30514.41800
 697         30610.51710
 698         30706.86310
 699         30803.45660
 700         30900.29810
 701         30997.38800
 702         31094.72680
 703         31192.31520
 704         31290.15350
 705         31388.24230
 706         31486.58210
 707         31585.17340
 708         31684.01680
 709         31783.11270
 710         31882.46160
 711         31982.06410
 712         32081.92070
 713         32182.03180
 714         32282.39810
 715         32383.02000
 716         32483.89800
 717         32585.03270
 718         32686.42460
 719         32788.07420
 720         32889.98200
 721         32992.14850
 722         33094.57430
 723         33197.25990
 724         33300.20580
 725         33403.41250
 726         33506.88060
 727         33610.61060
 728         33714.60290
 729         33818.85820
 730         33923.37700
 731         34028.15970
 732         34133.20700
 733         34238.51930
 734         34344.09720
 735         34449.94120
 736         34556.05190
 737         34662.42970
 738         34769.07520
 739         34875.98900
 740         34983.17150
 741         35090.62330
 742         35198.34500
 743         35306.33710
 744         35414.60010
 745         35523.13460
 746         35631.94110
 747         35741.02010
 748         35850.37210
 749         35959.99790
 750         36069.89770
 751         36180.07230
 752         36290.52210
 753         36401.24770
 754         36512.24970
 755         36623.52860
 756         36735.08480
 757         36846.91910
 758         36959.03190
 759         37071.42370
 760         37184.09520
 761         37297.04690
 762         37410.27930
 763         37523.79290
 764         37637.58840
 765         37751.66630
 766         37866.02720
 767         37980.67150
 768         38095.59980
 769         38210.81280
 770         38326.31100
 771         38442.09480
 772         38558.16490
 773         38674.52190
 774         38791.16630
 775         38908.09860
 776         39025.31950
 777         39142.82940
 778         39260.62900
 779         39378.71880
 780         39497.09930
 781         39615.77120
 782         39734.73510
 783         39853.99130
 784         39973.54070
 785         40093.38360
 786         40213.52070
 787         40333.95260
 788         40454.67970
 789         40575.70280
 790         40697.02230
 791         40818.63890
 792         40940.55300
 793         41062.76540
 794         41185.27650
 795         41308.08700
 796         41431.19730
 797         41554.60820
 798         41678.32010
 799         41802.33360
 800         41926.64940
 801         42051.26800
 802         42176.19000
 803         42301.41590
 804         42426.94640
 805         42552.78210
 806         42678.92340
 807         42805.37110
 808         42932.12560
 809         43059.18770
 810         43186.55780
 811         43314.23650
 812         43442.22450
 813         43570.52240
 814         43699.13060
 815         43828.04990
 816         43957.28080
 817         44086.82390
 818         44216.67970
 819         44346.84900
 820         44477.33230
 821         44608.13010
 822         44739.24310
 823         44870.67190
 824         45002.41710
 825         45134.47920
 826         45266.85890
 827         45399.55680
 828         45532.57350
 829         45665.90950
 830         45799.56550
 831         45933.54210
 832         46067.83990
 833         46202.45950
 834         46337.40150
 835         46472.66650
 836         46608.25510
 837         46744.16790
 838         46880.40560
 839         47016.96870
 840         47153.85790
 841         47291.07380
 842         47428.61690
 843         47566.48790
 844         47704.68740
 845         47843.21610
 846         47982.07450
 847         48121.26320
 848         48260.78290
 849         48400.63420
 850         48540.81780
 851         48681.33410
 852         48822.18390
 853         48963.36780
 854         49104.88640
 855         49246.74020
 856         49388.93010
 857         49531.45640
 858         49674.32000
 859         49817.52140
 860         49961.06130
 861         50104.94020
 862         50249.15880
 863         50393.71770
 864         50538.61770
 865         50683.85910
 866         50829.44290
 867         50975.36940
 868         51121.63950
 869         51268.25370
 870         51415.21260
 871         51562.51700
 872         51710.16730
 873         51858.16440
 874         52006.50870
 875         52155.20100
 876         52304.24190
 877         52453.63200
 878         52603.37200
 879         52753.46240
 880         52903.90410
 881         53054.69750
 882         53205.84340
 883         53357.34230
 884         53509.19500
 885         53661.40210
 886         53813.96420
 887         53966.88200
 888         54120.15610
 889         54273.78720
 890         54427.77590
 891         54582.12290
 892         54736.82890
 893         54891.89440
 894         55047.32020
 895         55203.10680
 896         55359.25500
 897         55515.76550
 898         55672.63880
 899         55829.87560
 900         55987.47660
 901         56145.44250
 902         56303.77390
 903         56462.47140
 904         56621.53580
 905         56780.96770
 906         56940.76770
 907         57100.93660
 908         57261.47500
 909         57422.38350
 910         57583.66290
 911         57745.31370
 912         57907.33670
 913         58069.73260
 914         58232.50200
 915         58395.64550
 916         58559.16390
 917         58723.05790
 918         58887.32800
 919         59051.97500
 920         59216.99960
 921         59382.40240
 922         59548.18410
 923         59714.34530
 924         59880.88690
 925         60047.80940
 926         60215.11350
 927         60382.80000
 928         60550.86940
 929         60719.32250
 930         60888.15990
 931         61057.38250
 932         61226.99070
 933         61396.98540
 934         61567.36710
 935         61738.13670
 936         61909.29480
 937         62080.84200
 938         62252.77910
 939         62425.10670
 940         62597.82560
 941         62770.93650
 942         62944.44000
 943         63118.33680
 944         63292.62770
 945         63467.31330
 946         63642.39430
 947         63817.87140
 948         63993.74540
 949         64170.01690
 950         64346.68660
 951         64523.75530
 952         64701.22360
 953         64879.09220
 954         65057.36190
 955         65236.03330
 956         65415.10720
 957         65594.58430
 958         65774.46520
 959         65954.75070
 960         66135.44150
 961         66316.53830
 962         66498.04180
 963         66679.95270
 964         66862.27170
 965         67044.99970
 966         67228.13720
 967         67411.68490
 968         67595.64370
 969         67780.01420
 970         67964.79710
 971         68149.99320
 972         68335.60320
 973         68521.62780
 974         68708.06770
 975         68894.92360
 976         69082.19630
 977         69269.88650
 978         69457.99490
 979         69646.52230
 980         69835.46930
 981         70024.83670
 982         70214.62530
 983         70404.83570
 984         70595.46870
 985         70786.52500
 986         70978.00540
 987         71169.91060
 988         71362.24130
 989         71554.99820
 990         71748.18210
 991         71941.79380
 992         72135.83400
 993         72330.30330
 994         72525.20260
 995         72720.53260
 996         72916.29400
 997         73112.48750
 998         73309.11400
 999         73506.17410
1000         73703.66870
1001         73901.59840
1002         74099.96390
1003         74298.76610
1004         74498.00570
1005         74697.68350
1006         74897.80010
1007         75098.35640
1008         75299.35300
1009         75500.79080
1010         75702.67050
1011         75904.99290
1012         76107.75860
1013         76310.96860
1014         76514.62340
1015         76718.72390
1016         76923.27090
1017         77128.26500
1018         77333.70710
1019         77539.59790
1020         77745.93820
1021         77952.72880
1022         78159.97030
1023         78367.66370
1024         78575.80950
1025         78784.40870
1026         78993.46200
1027         79202.97010
1028         79412.93380
1029         79623.35380
1030         79834.23110
1031         80045.56630
1032         80257.36010
1033         80469.61350
1034         80682.32710
1035         80895.50170
1036         81109.13810
1037         81323.23710
1038         81537.79940
1039         81752.82590
1040         81968.31730
1041         82184.27440
1042         82400.69800
1043         82617.58890
1044         82834.94780
1045         83052.77550
1046         83271.07290
1047         83489.84060
1048         83709.07960
1049         83928.79050
1050         84148.97420
1051         84369.63140
1052         84590.76300
1053         84812.36980
1054         85034.45250
1055         85257.01190
1056         85480.04880
1057         85703.56410
1058         85927.55850
1059         86152.03280
1060         86376.98780
1061         86602.42430
1062         86828.34310
1063         87054.74510
1064         87281.63100
1065         87509.00160
1066         87736.85770
1067         87965.20010
1068         88194.02970
1069         88423.34720
1070         88653.15340
1071         88883.44930
1072         89114.23540
1073         89345.51280
1074         89577.28210
1075         89809.54430
1076         90042.30000
1077         90275.55020
1078         90509.29560
1079         90743.53710
1080         90978.27550
1081         91213.51150
1082         91449.24610
1083         91685.48000
1084         91922.21400
1085         92159.44900
1086         92397.18580
1087         92635.42520
1088         92874.16810
1089         93113.41520
1090         93353.16740
1091         93593.42560
1092         93834.19050
1093         94075.46290
1094         94317.24380
1095         94559.53390
1096         94802.33410
1097         95045.64510
1098         95289.46790
1099         95533.80330
1100         95778.65210
1101         96024.01510
1102         96269.89320
1103         96516.28720
1104         96763.19790
1105         97010.62630
1106         97258.57300
1107         97507.03910
1108         97756.02530
1109         98005.53240
1110         98255.56130
1111         98506.11290
1112         98757.18800
1113         99008.78750
1114         99260.91210
1115         99513.56280
1116         99766.74030
1117        100020.44600
1118        100274.68000
1119        100529.44300
1120        100784.73700
1121        101040.56100
1122        101296.91800
1123        101553.80800
1124        101811.23100
1125        102069.18900
1126        102327.68300
1127        102586.71300
1128        102846.28000
1129        103106.38500
1130        103367.02800
1131        103628.21200
1132        103889.93600
1133        104152.20200
1134        104415.01000
1135        104678.36200
1136        104942.25700
1137        105206.69700
1138        105471.68400
1139        105737.21700
1140        106003.29700
1141        106269.92600
1142        106537.10400
1143        106804.83300
1144        107073.11200
1145        107341.94400
1146        107611.32800
1147        107881.26700
1148        108151.75900
1149        108422.80700
1150        108694.41200
1151        108966.57400
1152        109239.29400
1153        109512.57300
1154        109786.41100
1155        110060.81100
1156        110335.77200
1157        110611.29600
1158        110887.38400
1159        111164.03500
1160        111441.25200
1161        111719.03500
1162        111997.38500
1163        112276.30300
1164        112555.79000
1165        112835.84700
1166        113116.47400
1167        113397.67200
1168        113679.44300
1169        113961.78800
1170        114244.70600
1171        114528.20000
1172        114812.27000
1173        115096.91600
1174        115382.14100
1175        115667.94400
1176        115954.32700
1177        116241.29000
1178        116528.83500
1179        116816.96200
1180        117105.67300
1181        117394.96700
1182        117684.84700
1183        117975.31300
1184        118266.36600
1185        118558.00600
1186        118850.23600
1187        119143.05500
1188        119436.46400
1189        119730.46500
1190        120025.05900
1191        120320.24600
1192        120616.02700
1193        120912.40400
1194        121209.37600
1195        121506.94600
1196        121805.11400
1197        122103.88000
1198        122403.24700
1199        122703.21400
1200        123003.78300
1201        123304.95500
1202        123606.73000
1203        123909.10900
1204        124212.09500
1205        124515.68600
1206        124819.88500
1207        125124.69200
1208        125430.10800
1209        125736.13500
1210        126042.77200
1211        126350.02100
1212        126657.88400
1213        126966.36000
1214        127275.45100
1215        127585.15800
1216        127895.48200
1217        128206.42300
1218        128517.98300
1219        128830.16300
1220        129142.96300
1221        129456.38500
1222        129770.42900
1223        130085.09600
1224        130400.38800
1225        130716.30500
1226        131032.84800
1227        131350.01900
1228        131667.81700
1229        131986.24500
1230        132305.30300
1231        132624.99200
1232        132945.31300
1233        133266.26700
1234        133587.85500
1235        133910.07700
1236        134232.93600
1237        134556.43200
1238        134880.56500
1239        135205.33700
1240        135530.74900
1241        135856.80100
1242        136183.49600
1243        136510.83200
1244        136838.81300
1245        137167.43800
1246        137496.70900
1247        137826.62600
1248        138157.19100
1249        138488.40400
1250        138820.26700
1251        139152.78100
1252        139485.94500
1253        139819.76300
1254        140154.23300
1255        140489.35900
1256        140825.13900
1257        141161.57600
1258        141498.67000
1259        141836.42300
1260        142174.83500
1261        142513.90700
1262        142853.64100
1263        143194.03700
1264        143535.09700
1265        143876.82000
1266        144219.21000
1267        144562.26500
1268        144905.98800
1269        145250.37900
1270        145595.43900
1271        145941.17000
1272        146287.57200
1273        146634.64600
1274        146982.39400
1275        147330.81600
1276        147679.91300
1277        148029.68700
1278        148380.13800
1279        148731.26700
1280        149083.07600
1281        149435.56500
1282        149788.73600
1283        150142.58900
1284        150497.12500
1285        150852.34600
1286        151208.25200
1287        151564.84500
1288        151922.12500
1289        152280.09400
1290        152638.75300
1291        152998.10100
1292        153358.14200
1293        153718.87500
1294        154080.30200
1295        154442.42300
1296        154805.24000
1297        155168.75400
1298        155532.96600
1299        155897.87600
1300        156263.48600
1301        156629.79700
1302        156996.81000
1303        157364.52600
1304        157732.94500
1305        158102.07000
1306        158471.90000
1307        158842.43800
1308        159213.68400
1309        159585.63900
1310        159958.30400
1311        160331.68000
1312        160705.76800
1313        161080.57000
1314        161456.08600
1315        161832.31800
1316        162209.26600
1317        162586.93100
1318        162965.31500
1319        163344.41900
1320        163724.24300
1321        164104.78900
1322        164486.05700
1323        164868.05000
1324        165250.76700
1325        165634.21000
1326        166018.38000
1327        166403.27800
1328        166788.90500
1329        167175.26300
1330        167562.35100
1331        167950.17200
1332        168338.72600
1333        168728.01500
1334        169118.03900
1335        169508.79900
1336        169900.29700
1337        170292.53400
1338        170685.51100
1339        171079.22800
1340        171473.68700
1341        171868.88900
1342        172264.83500
1343        172661.52600
1344        173058.96400
1345        173457.14900
1346        173856.08200
1347        174255.76400
1348        174656.19700
1349        175057.38100
1350        175459.31800
1351        175862.00900
1352        176265.45500
1353        176669.65600
1354        177074.61500
1355        177480.33100
1356        177886.80700
1357        178294.04300
1358        178702.04100
1359        179110.80000
1360        179520.32400
1361        179930.61200
1362        180341.66600
1363        180753.48600
1364        181166.07400
1365        181579.43200
1366        181993.55900
1367        182408.45800
1368        182824.12900
1369        183240.57400
1370        183657.79300
1371        184075.78700
1372        184494.55900
1373        184914.10800
1374        185334.43600
1375        185755.54400
1376        186177.43400
1377        186600.10500
1378        187023.56000
1379        187447.80000
1380        187872.82500
1381        188298.63600
1382        188725.23600
1383        189152.62500
1384        189580.80300
1385        190009.77300
1386        190439.53500
1387        190870.09100
1388        191301.44100
1389        191733.58700
1390        192166.52900
1391        192600.27000
1392        193034.80900
1393        193470.14900
1394        193906.29000
1395        194343.23400
1396        194780.98100
1397        195219.53300
1398        195658.89000
1399        196099.05500
1400        196540.02800
1401        196981.80900
1402        197424.40200
1403        197867.80600
1404        198312.02200
1405        198757.05200
1406        199202.89700
1407        199649.55900
1408        200097.03700
1409        200545.33400
1410        200994.45000
1411        201444.38700
1412        201895.14600
1413        202346.72800
1414        202799.13300
1415        203252.36400
1416        203706.42200
1417        204161.30700
1418        204617.02100
1419        205073.56400
1420        205530.93900
1421        205989.14600
1422        206448.18600
1423        206908.06000
1424        207368.77100
1425        207830.31800
1426        208292.70300
1427        208755.92700
1428        209219.99100
1429        209684.89700
1430        210150.64600
1431        210617.23800
1432        211084.67500
1433        211552.95900
1434        212022.09000
1435        212492.06900
1436        212962.89800
1437        213434.57800
1438        213907.10900
1439        214380.49400
1440        214854.73400
1441        215329.82800
1442        215805.78000
1443        216282.58900
1444        216760.25800
1445        217238.78700
1446        217718.17700
1447        218198.43000
1448        218679.54600
1449        219161.52800
1450        219644.37600
1451        220128.09100
1452        220612.67500
1453        221098.12800
1454        221584.45300
1455        222071.65000
1456        222559.72000
1457        223048.66400
1458        223538.48400
1459        224029.18100
1460        224520.75700
1461        225013.21100
1462        225506.54700
1463        226000.76300
1464        226495.86300
1465        226991.84700
1466        227488.71600
1467        227986.47200
1468        228485.11600
1469        228984.64800
1470        229485.07100
1471        229986.38500
1472        230488.59200
1473        230991.69200
1474        231495.68800
1475        232000.57900
1476        232506.36800
1477        233013.05600
1478        233520.64400
1479        234029.13300
1480        234538.52400
1481        235048.81800
1482        235560.01800
1483        236072.12300
1484        236585.13600
1485        237099.05700
1486        237613.88800
1487        238129.62900
1488        238646.28300
1489        239163.85000
1490        239682.33200
1491        240201.72900
1492        240722.04400
1493        241243.27600
1494        241765.42900
1495        242288.50200
1496        242812.49700
1497        243337.41500
1498        243863.25800
1499        244390.02600
1500        244917.72100
1501        245446.34500
1502        245975.89800
1503        246506.38100
1504        247037.79700
1505        247570.14600
1506        248103.42900
1507        248637.64800
1508        249172.80300
1509        249708.89700
1510        250245.93100
1511        250783.90500
1512        251322.82000
1513        251862.68000
1514        252403.48300
1515        252945.23200
1516        253487.92800
1517        254031.57300
1518        254576.16700
1519        255121.71100
1520        255668.20800
1521        256215.65800
1522        256764.06200
1523        257313.42200
1524        257863.74000
1525        258415.01500
1526        258967.25000
1527        259520.44600
1528        260074.60400
1529        260629.72600
1530        261185.81200
1531        261742.86500
1532        262300.88400
1533        262859.87200
1534        263419.83000
1535        263980.75900
1536        264542.66000
1537        265105.53500
1538        265669.38500
1539        266234.21100
1540        266800.01400
1541        267366.79600
1542        267934.55900
1543        268503.30200
1544        269073.02900
1545        269643.73900
1546        270215.43400
1547        270788.11600
1548        271361.78600
1549        271936.44500
1550        272512.09400
1551        273088.73500
1552        273666.36900
1553        274244.99700
1554        274824.62100
1555        275405.24100
1556        275986.86000
1557        276569.47800
1558        277153.09800
1559        277737.71900
1560        278323.34300
1561        278909.97300
1562        279497.60800
1563        280086.25100
1564        280675.90200
1565        281266.56300
1566        281858.23600
1567        282450.92100
1568        283044.62000
1569        283639.33400
1570        284235.06500
1571        284831.81400
1572        285429.58100
1573        286028.37000
1574        286628.18000
1575        287229.01300
1576        287830.87000
1577        288433.75400
1578        289037.66400
1579        289642.60300
1580        290248.57200
1581        290855.57200
1582        291463.60400
1583        292072.67000
1584        292682.77100
1585        293293.90800
1586        293906.08300
1587        294519.29800
1588        295133.55200
1589        295748.84900
1590        296365.18800
1591        296982.57200
1592        297601.00200
1593        298220.47900
1594        298841.00400
1595        299462.57900
1596        300085.20500
1597        300708.88400
1598        301333.61700
1599        301959.40500
1600        302586.24900
1601        303214.15100
1602        303843.11200
1603        304473.13500
1604        305104.21800
1605        305736.36600
1606        306369.57800
1607        307003.85600
1608        307639.20100
1609        308275.61500
1610        308913.09900
1611        309551.65500
1612        310191.28300
1613        310831.98600
1614        311473.76400
1615        312116.61900
1616        312760.55200
1617        313405.56500
1618        314051.65900
1619        314698.83600
1620        315347.09600
1621        315996.44100
1622        316646.87300
1623        317298.39300
1624        317951.00100
1625        318604.70100
1626        319259.49200
1627        319915.37700
1628        320572.35700
1629        321230.43300
1630        321889.60600
1631        322549.87800
1632        323211.25100
1633        323873.72500
1634        324537.30200
1635        325201.98400
1636        325867.77200
1637        326534.66600
1638        327202.67000
1639        327871.78300
1640        328542.00800
1641        329213.34500
1642        329885.79700
1643        330559.36500
1644        331234.04900
1645        331909.85200
1646        332586.77400
1647        333264.81800
1648        333943.98400
1649        334624.27400
1650        335305.69000
1651        335988.23200
1652        336671.90300
1653        337356.70300
1654        338042.63400
1655        338729.69800
1656        339417.89500
1657        340107.22800
1658        340797.69700
1659        341489.30500
1660        342182.05200
1661        342875.93900
1662        343570.96900
1663        344267.14300
1664        344964.46200
1665        345662.92800
1666        346362.54100
1667        347063.30400
1668        347765.21800
1669        348468.28400
1670        349172.50300
1671        349877.87800
1672        350584.40900
1673        351292.09800
1674        352000.94700
1675        352710.95600
1676        353422.12800
1677        354134.46300
1678        354847.96400
1679        355562.63100
1680        356278.46600
1681        356995.47000
1682        357713.64500
1683        358432.99300
1684        359153.51400
1685        359875.21100
1686        360598.08400
1687        361322.13500
1688        362047.36500
1689        362773.77700
1690        363501.37100
1691        364230.14900
1692        364960.11200
1693        365691.26100
1694        366423.59900
1695        367157.12700
1696        367891.84600
1697        368627.75700
1698        369364.86200
1699        370103.16300
1700        370842.66100
1701        371583.35700
1702        372325.25200
1703        373068.34900
1704        373812.64900
1705        374558.15300
1706        375304.86300
1707        376052.78000
1708        376801.90500
1709        377552.24100
1710        378303.78800
1711        379056.54800
1712        379810.52200
1713        380565.71300
1714        381322.12100
1715        382079.74800
1716        382838.59500
1717        383598.66400
1718        384359.95600
1719        385122.47300
1720        385886.21600
1721        386651.18700
1722        387417.38700
1723        388184.81800
1724        388953.48200
1725        389723.37800
1726        390494.51000
1727        391266.87900
1728        392040.48600
1729        392815.33200
1730        393591.41900
1731        394368.74900
1732        395147.32300
1733        395927.14300
1734        396708.21000
1735        397490.52500
1736        398274.09000
1737        399058.90700
1738        399844.97700
1739        400632.30200
1740        401420.88200
1741        402210.72000
1742        403001.81700
1743        403794.17500
1744        404587.79400
1745        405382.67800
1746        406178.82600
1747        406976.24100
1748        407774.92300
1749        408574.87600
1750        409376.09900
1751        410178.59500
1752        410982.36600
1753        411787.41100
1754        412593.73400
1755        413401.33600
1756        414210.21800
1757        415020.38100
1758        415831.82700
1759        416644.55900
1760        417458.57600
1761        418273.88200
1762        419090.47600
1763        419908.36100
1764        420727.53900
1765        421548.01000
1766        422369.77700
1767        423192.84100
1768        424017.20300
1769        424842.86500
1770        425669.82900
1771        426498.09500
1772        427327.66700
1773        428158.54400
1774        428990.72900
1775        429824.22300
1776        430659.02700
1777        431495.14400
1778        432332.57500
1779        433171.32000
1780        434011.38300
1781        434852.76400
1782        435695.46500
1783        436539.48800
1784        437384.83300
1785        438231.50300
1786        439079.49900
1787        439928.82300
1788        440779.47600
1789        441631.46000
1790        442484.77600
1791        443339.42500
1792        444195.41100
1793        445052.73300
1794        445911.39300
1795        446771.39400
1796        447632.73600
1797        448495.42200
1798        449359.45200
1799        450224.82800
1800        451091.55300
1801        451959.62600
1802        452829.05100
1803        453699.82800
1804        454571.96000
1805        455445.44700
1806        456320.29100
1807        457196.49400
1808        458074.05700
1809        458952.98200
1810        459833.27100
1811        460714.92500
1812        461597.94600
1813        462482.33400
1814        463368.09300
1815        464255.22300
1816        465143.72600
1817        466033.60300
1818        466924.85700
1819        467817.48800
1820        468711.49800
1821        469606.88900
1822        470503.66300
1823        471401.82100
1824        472301.36400
1825        473202.29500
1826        474104.61400
1827        475008.32300
1828        475913.42500
1829        476819.92000
1830        477727.81000
1831        478637.09700
1832        479547.78200
1833        480459.86700
1834        481373.35400
1835        482288.24400
1836        483204.53800
1837        484122.23900
1838        485041.34700
1839        485961.86500
1840        486883.79400
1841        487807.13600
1842        488731.89200
1843        489658.06400
1844        490585.65400
1845        491514.66200
1846        492445.09100
1847        493376.94300
1848        494310.21800
1849        495244.91900
1850        496181.04700
1851        497118.60400
1852        498057.59100
1853        498998.01100
1854        499939.86300
1855        500883.15100
1856        501827.87600
1857        502774.03900
1858        503721.64300
1859        504670.68800
1860        505621.17600
1861        506573.10900
1862        507526.48900
1863        508481.31700
1864        509437.59400
1865        510395.32300
1866        511354.50500
1867        512315.14200
1868        513277.23500
1869        514240.78600
1870        515205.79600
1871        516172.26800
1872        517140.20200
1873        518109.60100
1874        519080.46600
1875        520052.79800
1876        521026.60000
1877        522001.87300
1878        522978.61900
1879        523956.83900
1880        524936.53400
1881        525917.70700
1882        526900.36000
1883        527884.49300
1884        528870.10800
1885        529857.20800
1886        530845.79400
1887        531835.86600
1888        532827.42800
1889        533820.48100
1890        534815.02600
1891        535811.06400
1892        536808.59900
1893        537807.63100
1894        538808.16100
1895        539810.19300
1896        540813.72600
1897        541818.76300
1898        542825.30600
1899        543833.35700
1900        544842.91600
1901        545853.98500
1902        546866.56700
1903        547880.66200
1904        548896.27300
1905        549913.40200
1906        550932.04900
1907        551952.21600
1908        552973.90600
1909        553997.11900
1910        555021.85800
1911        556048.12500
1912        557075.92000
1913        558105.24500
1914        559136.10300
1915        560168.49400
1916        561202.42100
1917        562237.88500
1918        563274.88800
1919        564313.43200
1920        565353.51800
1921        566395.14800
1922        567438.32300
1923        568483.04500
1924        569529.31700
1925        570577.13900
1926        571626.51300
1927        572677.44200
1928        573729.92600
1929        574783.96700
1930        575839.56700
1931        576896.72800
1932        577955.45200
1933        579015.73900
1934        580077.59300
1935        581141.01300
1936        582206.00300
1937        583272.56400
1938        584340.69700
1939        585410.40500
1940        586481.68900
1941        587554.55000
1942        588628.99000
1943        589705.01200
1944        590782.61600
1945        591861.80400
1946        592942.57900
1947        594024.94100
1948        595108.89300
1949        596194.43700
1950        597281.57300
1951        598370.30400
1952        599460.63100
1953        600552.55600
1954        601646.08100
1955        602741.20700
1956        603837.93700
1957        604936.27100
1958        606036.21200
1959        607137.76100
1960        608240.92000
1961        609345.69100
1962        610452.07600
1963        611560.07500
1964        612669.69200
1965        613780.92700
1966        614893.78200
1967        616008.25900
1968        617124.36000
1969        618242.08600
1970        619361.44000
1971        620482.42300
1972        621605.03600
1973        622729.28100
1974        623855.16100
1975        624982.67600
1976        626111.82900
1977        627242.62100
1978        628375.05400
1979        629509.12900
1980        630644.84900
1981        631782.21600
1982        632921.23000
1983        634061.89300
1984        635204.20900
1985        636348.17700
1986        637493.80000
1987        638641.07900
1988        639790.01700
1989        640940.61500
1990        642092.87500
1991        643246.79800
1992        644402.38600
1993        645559.64100
1994        646718.56500
1995        647879.16000
1996        649041.42700
1997        650205.36700
1998        651370.98300
1999        652538.27700
2000        653707.25000
2001        654877.90400
2002        656050.24100
2003        657224.26200
2004        658399.96900
2005        659577.36400
2006        660756.44900
2007        661937.22500
2008        663119.69400
2009        664303.85800
2010        665489.71900
2011        666677.27900
2012        667866.53800
2013        669057.50000
2014        670250.16500
2015        671444.53600
2016        672640.61400
2017        673838.40100
2018        675037.89900
2019        676239.10900
2020        677442.03300
2021        678646.67400
2022        679853.03200
2023        681061.11000
2024        682270.90900
2025        683482.43200
2026        684695.67900
2027        685910.65300
2028        687127.35500
2029        688345.78700
2030        689565.95100
2031        690787.84900
2032        692011.48300
2033        693236.85400
2034        694463.96300
2035        695692.81400
2036        696923.40700
2037        698155.74500
2038        699389.82800
2039        700625.66000
2040        701863.24100
2041        703102.57400
2042        704343.65900
2043        705586.50000
2044        706831.09800
2045        708077.45400
2046        709325.57100
2047        710575.45000
2048        711827.09300
2049        713080.50100
2050        714335.67700
2051        715592.62200
2052        716851.33900
2053        718111.82800
2054        719374.09200
2055        720638.13200
2056        721903.95000
2057        723171.54900
2058        724440.92900
2059        725712.09300
2060        726985.04300
2061        728259.77900
2062        729536.30500
2063        730814.62100
2064        732094.73000
2065        733376.63300
2066        734660.33200
2067        735945.83000
2068        737233.12700
2069        738522.22600
2070        739813.12800
2071        741105.83500
2072        742400.35000
2073        743696.67300
2074        744994.80600
2075        746294.75200
2076        747596.51200
2077        748900.08900
2078        750205.48300
2079        751512.69600
2080        752821.73100
2081        754132.58900
2082        755445.27300
2083        756759.78300
2084        758076.12200
2085        759394.29100
2086        760714.29200
2087        762036.12800
2088        763359.79900
2089        764685.30900
2090        766012.65700
2091        767341.84800
2092        768672.88100
2093        770005.75900
2094        771340.48400
2095        772677.05800
2096        774015.48200
2097        775355.75800
2098        776697.88900
2099        778041.87500
2100        779387.71900
2101        780735.42300
2102        782084.98800
2103        783436.41600
2104        784789.70900
2105        786144.86900
2106        787501.89800
2107        788860.79700
2108        790221.56800
2109        791584.21400
2110        792948.73500
2111        794315.13500
2112        795683.41400
2113        797053.57400
2114        798425.61800
2115        799799.54700
2116        801175.36300
2117        802553.06800
2118        803932.66300
2119        805314.15100
2120        806697.53300
2121        808082.81100
2122        809469.98700
2123        810859.06300
2124        812250.04100
2125        813642.92200
2126        815037.70800
2127        816434.40200
2128        817833.00500
2129        819233.51800
2130        820635.94400
2131        822040.28500
2132        823446.54200
2133        824854.71700
2134        826264.81200
2135        827676.83000
2136        829090.77000
2137        830506.63700
2138        831924.43100
2139        833344.15400
2140        834765.80900
2141        836189.39600
2142        837614.91800
2143        839042.37700
2144        840471.77500
2145        841903.11300
2146        843336.39300
2147        844771.61700
2148        846208.78700
2149        847647.90500
2150        849088.97300
2151        850531.99200
2152        851976.96400
2153        853423.89200
2154        854872.77700
2155        856323.62100
2156        857776.42500
2157        859231.19200
2158        860687.92400
2159        862146.62200
2160        863607.28800
2161        865069.92500
2162        866534.53300
2163        868001.11500
2164        869469.67300
2165        870940.20800
2166        872412.72300
2167        873887.21900
2168        875363.69800
2169        876842.16200
2170        878322.61300
2171        879805.05300
2172        881289.48400
2173        882775.90600
2174        884264.32400
2175        885754.73700
2176        887247.14800
2177        888741.56000
2178        890237.97300
2179        891736.39000
2180        893236.81200
2181        894739.24200
2182        896243.68200
2183        897750.13200
2184        899258.59500
2185        900769.07400
2186        902281.56900
2187        903796.08300
2188        905312.61700
2189        906831.17400
2190        908351.75500
2191        909874.36300
2192        911398.99800
2193        912925.66300
2194        914454.36100
2195        915985.09100
2196        917517.85800
2197        919052.66200
2198        920589.50500
2199        922128.39000
2200        923669.31700
2201        925212.29000
2202        926757.31000
2203        928304.37800
2204        929853.49700
2205        931404.66800
2206        932957.89400
2207        934513.17600
2208        936070.51700
2209        937629.91700
2210        939191.38000
2211        940754.90600
2212        942320.49800
2213        943888.15800
2214        945457.88700
2215        947029.68800
2216        948603.56200
2217        950179.51100
2218        951757.53700
2219        953337.64200
2220        954919.82900
2221        956504.09700
2222        958090.45100
2223        959678.89100
2224        961269.42000
2225        962862.03900
2226        964456.75000
2227        966053.55500
2228        967652.45700
2229        969253.45600
2230        970856.55500
2231        972461.75600
2232        974069.06100
2233        975678.47100
2234        977289.98800
2235        978903.61500
2236        980519.35300
2237        982137.20400
2238        983757.17000
2239        985379.25400
2240        987003.45600
2241        988629.77800
2242        990258.22400
2243        991888.79400
2244        993521.49000
2245        995156.31500
2246        996793.27000
2247        998432.35700
2248       1000073.58000
2249       1001716.94000
2250       1003362.43000
2251       1005010.07000
2252       1006659.84000
2253       1008311.76000
2254       1009965.83000
2255       1011622.04000
2256       1013280.40000
2257       1014940.92000
2258       1016603.59000
2259       1018268.41000
2260       1019935.39000
2261       1021604.52000
2262       1023275.82000
2263       1024949.28000
2264       1026624.91000
2265       1028302.70000
2266       1029982.67000
2267       1031664.80000
2268       1033349.10000
2269       1035035.58000
2270       1036724.23000
2271       1038415.06000
2272       1040108.08000
2273       1041803.27000
2274       1043500.65000
2275       1045200.21000
2276       1046901.96000
2277       1048605.90000
2278       1050312.04000
2279       1052020.36000
2280       1053730.88000
2281       1055443.60000
2282       1057158.52000
2283       1058875.64000
2284       1060594.96000
2285       1062316.48000
2286       1064040.22000
2287       1065766.16000
2288       1067494.31000
2289       1069224.68000
2290       1070957.26000
2291       1072692.05000
2292       1074429.07000
2293       1076168.30000
2294       1077909.76000
2295       1079653.44000
2296       1081399.35000
2297       1083147.48000
2298       1084897.85000
2299       1086650.44000
2300       1088405.27000
2301       1090162.34000
2302       1091921.64000
2303       1093683.19000
2304       1095446.97000
2305       1097213.00000
2306       1098981.27000
2307       1100751.79000
2308       1102524.56000
2309       1104299.59000
2310       1106076.86000
2311       1107856.39000
2312       1109638.17000
2313       1111422.22000
2314       1113208.53000
2315       1114997.09000
2316       1116787.93000
2317       1118581.03000
2318       1120376.40000
2319       1122174.03000
2320       1123973.95000
2321       1125776.13000
2322       1127580.59000
2323       1129387.33000
2324       1131196.35000
2325       1133007.65000
2326       1134821.24000
2327       1136637.11000
2328       1138455.27000
2329       1140275.72000
2330       1142098.46000
2331       1143923.50000
2332       1145750.83000
2333       1147580.46000
2334       1149412.38000
2335       1151246.61000
2336       1153083.14000
2337       1154921.98000
2338       1156763.13000
2339       1158606.58000
2340       1160452.35000
2341       1162300.42000
2342       1164150.82000
2343       1166003.53000
2344       1167858.56000
2345       1169715.91000
2346       1171575.58000
2347       1173437.58000
2348       1175301.90000
2349       1177168.55000
2350       1179037.53000
2351       1180908.85000
2352       1182782.50000
2353       1184658.49000
2354       1186536.81000
2355       1188417.47000
2356       1190300.48000
2357       1192185.83000
2358       1194073.53000
2359       1195963.57000
2360       1197855.97000
2361       1199750.72000
2362       1201647.82000
2363       1203547.27000
2364       1205449.09000
2365       1207353.26000
2366       1209259.80000
2367       1211168.70000
2368       1213079.96000
2369       1214993.59000
2370       1216909.59000
2371       1218827.97000
2372       1220748.71000
2373       1222671.83000
2374       1224597.33000
2375       1226525.21000
2376       1228455.47000
2377       1230388.11000
2378       1232323.14000
2379       1234260.55000
2380       1236200.35000
2381       1238142.55000
2382       1240087.13000
2383       1242034.11000
2384       1243983.49000
2385       1245935.27000
2386       1247889.45000
2387       1249846.02000
2388       1251805.01000
2389       1253766.40000
2390       1255730.20000
2391       1257696.41000
2392       1259665.03000
2393       1261636.06000
2394       1263609.52000
2395       1265585.38000
2396       1267563.67000
2397       1269544.39000
2398       1271527.52000
2399       1273513.08000
2400       1275501.07000
2401       1277491.49000
2402       1279484.35000
2403       1281479.63000
2404       1283477.35000
2405       1285477.51000
2406       1287480.11000
2407       1289485.15000
2408       1291492.63000
2409       1293502.56000
2410       1295514.94000
2411       1297529.76000
2412       1299547.04000
2413       1301566.77000
2414       1303588.96000
2415       1305613.60000
2416       1307640.70000
2417       1309670.26000
2418       1311702.29000
2419       1313736.78000
2420       1315773.74000
2421       1317813.16000
2422       1319855.06000
2423       1321899.43000
2424       1323946.28000
2425       1325995.60000
2426       1328047.40000
2427       1330101.68000
2428       1332158.45000
2429       1334217.70000
2430       1336279.43000
2431       1338343.66000
2432       1340410.37000
2433       1342479.58000
2434       1344551.28000
2435       1346625.47000
2436       1348702.17000
2437       1350781.37000
2438       1352863.06000
2439       1354947.27000
2440       1357033.97000
2441       1359123.19000
2442       1361214.92000
2443       1363309.16000
2444       1365405.91000
2445       1367505.18000
2446       1369606.96000
2447       1371711.27000
2448       1373818.10000
2449       1375927.45000
2450       1378039.32000
2451       1380153.73000
2452       1382270.66000
2453       1384390.13000
2454       1386512.13000
2455       1388636.66000
2456       1390763.73000
2457       1392893.34000
2458       1395025.50000
2459       1397160.19000
2460       1399297.44000
2461       1401437.22000
2462       1403579.56000
2463       1405724.45000
2464       1407871.89000
2465       1410021.89000
2466       1412174.44000
2467       1414329.56000
2468       1416487.23000
2469       1418647.47000
2470       1420810.27000
2471       1422975.64000
2472       1425143.57000
2473       1427314.08000
2474       1429487.16000
2475       1431662.82000
2476       1433841.05000
2477       1436021.86000
2478       1438205.25000
2479       1440391.22000
2480       1442579.78000
2481       1444770.93000
2482       1446964.66000
2483       1449160.98000
2484       1451359.90000
2485       1453561.41000
2486       1455765.51000
2487       1457972.22000
2488       1460181.52000
2489       1462393.42000
2490       1464607.93000
2491       1466825.05000
2492       1469044.77000
2493       1471267.11000
2494       1473492.05000
2495       1475719.61000
2496       1477949.79000
2497       1480182.58000
2498       1482417.99000
2499       1484656.03000
2500       1486896.68000
2501       1489139.97000
2502       1491385.88000
2503       1493634.42000
2504       1495885.59000
2505       1498139.39000
2506       1500395.84000
2507       1502654.91000
2508       1504916.63000
2509       1507180.99000
2510       1509447.99000
2511       1511717.64000
2512       1513989.93000
2513       1516264.87000
2514       1518542.47000
2515       1520822.71000
2516       1523105.61000
2517       1525391.17000
2518       1527679.39000
2519       1529970.27000
2520       1532263.81000
2521       1534560.01000
2522       1536858.89000
2523       1539160.43000
2524       1541464.64000
2525       1543771.52000
2526       1546081.08000
2527       1548393.32000
2528       1550708.23000
2529       1553025.82000
2530       1555346.10000
2531       1557669.06000
2532       1559994.71000
2533       1562323.04000
2534       1564654.07000
2535       1566987.78000
2536       1569324.19000
2537       1571663.30000
2538       1574005.11000
2539       1576349.61000
2540       1578696.82000
2541       1581046.73000
2542       1583399.35000
2543       1585754.67000
2544       1588112.70000
2545       1590473.45000
2546       1592836.91000
2547       1595203.08000
2548       1597571.98000
2549       1599943.59000
2550       1602317.92000
2551       1604694.98000
2552       1607074.76000
2553       1609457.27000
2554       1611842.51000
2555       1614230.48000
2556       1616621.18000
2557       1619014.62000
2558       1621410.79000
2559       1623809.71000
2560       1626211.36000
2561       1628615.76000
2562       1631022.90000
2563       1633432.79000
2564       1635845.43000
2565       1638260.82000
2566       1640678.96000
2567       1643099.86000
2568       1645523.51000
2569       1647949.92000
2570       1650379.09000
2571       1652811.03000
2572       1655245.73000
2573       1657683.19000
2574       1660123.43000
2575       1662566.43000
2576       1665012.21000
2577       1667460.76000
2578       1669912.08000
2579       1672366.19000
2580       1674823.07000
2581       1677282.74000
2582       1679745.19000
2583       1682210.42000
2584       1684678.44000
2585       1687149.26000
2586       1689622.86000
2587       1692099.26000
2588       1694578.45000
2589       1697060.45000
2590       1699545.24000
2591       1702032.83000
2592       1704523.23000
2593       1707016.43000
2594       1709512.43000
2595       1712011.25000
2596       1714512.88000
2597       1717017.32000
2598       1719524.58000
2599       1722034.65000
2600       1724547.55000
2601       1727063.26000
2602       1729581.80000
2603       1732103.16000
2604       1734627.34000
2605       1737154.36000
2606       1739684.21000
2607       1742216.89000
2608       1744752.40000
2609       1747290.75000
2610       1749831.94000
2611       1752375.97000
2612       1754922.84000
2613       1757472.56000
2614       1760025.12000
2615       1762580.53000
2616       1765138.79000
2617       1767699.90000
2618       1770263.86000
2619       1772830.68000
2620       1775400.36000
2621       1777972.90000
2622       1780548.30000
2623       1783126.57000
2624       1785707.70000
2625       1788291.69000
2626       1790878.56000
2627       1793468.30000
2628       1796060.91000
2629       1798656.39000
2630       1801254.76000
2631       1803856.00000
2632       1806460.12000
2633       1809067.13000
2634       1811677.02000
2635       1814289.80000
2636       1816905.46000
2637       1819524.02000
2638       1822145.47000
2639       1824769.82000
2640       1827397.06000
2641       1830027.20000
2642       1832660.24000
2643       1835296.18000
2644       1837935.03000
2645       1840576.78000
2646       1843221.44000
2647       1845869.01000
2648       1848519.49000
2649       1851172.89000
2650       1853829.20000
2651       1856488.43000
2652       1859150.58000
2653       1861815.65000
2654       1864483.65000
2655       1867154.57000
2656       1869828.42000
2657       1872505.20000
2658       1875184.90000
2659       1877867.55000
2660       1880553.12000
2661       1883241.64000
2662       1885933.09000
2663       1888627.48000
2664       1891324.82000
2665       1894025.10000
2666       1896728.33000
2667       1899434.50000
2668       1902143.63000
2669       1904855.71000
2670       1907570.74000
2671       1910288.73000
2672       1913009.68000
2673       1915733.59000
2674       1918460.46000
2675       1921190.30000
2676       1923923.10000
2677       1926658.87000
2678       1929397.60000
2679       1932139.31000
2680       1934884.00000
2681       1937631.65000
2682       1940382.29000
2683       1943135.91000
2684       1945892.50000
2685       1948652.08000
2686       1951414.65000
2687       1954180.20000
2688       1956948.74000
2689       1959720.27000
2690       1962494.80000
2691       1965272.32000
2692       1968052.83000
2693       1970836.35000
2694       1973622.86000
2695       1976412.38000
2696       1979204.90000
2697       1982000.43000
2698       1984798.96000
2699       1987600.51000
2700       1990405.07000
2701       1993212.64000
2702       1996023.22000
2703       1998836.83000
2704       2001653.45000
2705       2004473.10000
2706       2007295.77000
2707       2010121.46000
2708       2012950.18000
2709       2015781.93000
2710       2018616.72000
2711       2021454.53000
2712       2024295.38000
2713       2027139.27000
2714       2029986.19000
2715       2032836.16000
2716       2035689.16000
2717       2038545.22000
2718       2041404.31000
2719       2044266.46000
2720       2047131.66000
2721       2049999.90000
2722       2052871.21000
2723       2055745.56000
2724       2058622.98000
2725       2061503.46000
2726       2064386.99000
2727       2067273.59000
2728       2070163.26000
2729       2073055.99000
2730       2075951.79000
2731       2078850.66000
2732       2081752.61000
2733       2084657.63000
2734       2087565.73000
2735       2090476.90000
2736       2093391.16000
2737       2096308.49000
2738       2099228.92000
2739       2102152.43000
2740       2105079.02000
2741       2108008.71000
2742       2110941.49000
2743       2113877.36000
2744       2116816.33000
2745       2119758.39000
2746       2122703.55000
2747       2125651.82000
2748       2128603.19000
2749       2131557.66000
2750       2134515.24000
2751       2137475.93000
2752       2140439.73000
2753       2143406.64000
2754       2146376.67000
2755       2149349.82000
2756       2152326.08000
2757       2155305.46000
2758       2158287.96000
2759       2161273.59000
2760       2164262.34000
2761       2167254.23000
2762       2170249.24000
2763       2173247.38000
2764       2176248.65000
2765       2179253.07000
2766       2182260.61000
2767       2185271.30000
2768       2188285.13000
2769       2191302.10000
2770       2194322.21000
2771       2197345.47000
2772       2200371.88000
2773       2203401.44000
2774       2206434.16000
2775       2209470.02000
2776       2212509.04000
2777       2215551.22000
2778       2218596.56000
2779       2221645.06000
2780       2224696.73000
2781       2227751.56000
2782       2230809.55000
2783       2233870.72000
2784       2236935.05000
2785       2240002.56000
2786       2243073.25000
2787       2246147.11000
2788       2249224.14000
2789       2252304.36000
2790       2255387.76000
2791       2258474.35000
2792       2261564.12000
2793       2264657.08000
2794       2267753.22000
2795       2270852.56000
2796       2273955.09000
2797       2277060.82000
2798       2280169.74000
2799       2283281.87000
2800       2286397.19000
2801       2289515.71000
2802       2292637.44000
2803       2295762.38000
2804       2298890.53000
2805       2302021.88000
2806       2305156.45000
2807       2308294.23000
2808       2311435.22000
2809       2314579.43000
2810       2317726.87000
2811       2320877.52000
2812       2324031.40000
2813       2327188.50000
2814       2330348.83000
2815       2333512.38000
2816       2336679.17000
2817       2339849.19000
2818       2343022.44000
2819       2346198.93000
2820       2349378.65000
2821       2352561.62000
2822       2355747.83000
2823       2358937.28000
2824       2362129.98000
2825       2365325.92000
2826       2368525.11000
2827       2371727.55000
2828       2374933.25000
2829       2378142.20000
2830       2381354.40000
2831       2384569.87000
2832       2387788.59000
2833       2391010.58000
2834       2394235.82000
2835       2397464.34000
2836       2400696.12000
2837       2403931.17000
2838       2407169.49000
2839       2410411.09000
2840       2413655.96000
2841       2416904.10000
2842       2420155.52000
2843       2423410.23000
2844       2426668.21000
2845       2429929.48000
2846       2433194.04000
2847       2436461.88000
2848       2439733.01000
2849       2443007.44000
2850       2446285.15000
2851       2449566.16000
2852       2452850.47000
2853       2456138.07000
2854       2459428.98000
2855       2462723.19000
2856       2466020.70000
2857       2469321.52000
2858       2472625.64000
2859       2475933.08000
2860       2479243.82000
2861       2482557.88000
2862       2485875.25000
2863       2489195.94000
2864       2492519.95000
2865       2495847.28000
2866       2499177.93000
2867       2502511.90000
2868       2505849.20000
2869       2509189.83000
2870       2512533.79000
2871       2515881.08000
2872       2519231.70000
2873       2522585.66000
2874       2525942.95000
2875       2529303.58000
2876       2532667.55000
2877       2536034.86000
2878       2539405.52000
2879       2542779.52000
2880       2546156.87000
2881       2549537.57000
2882       2552921.62000
2883       2556309.03000
2884       2559699.79000
2885       2563093.90000
2886       2566491.37000
2887       2569892.21000
2888       2573296.40000
2889       2576703.96000
2890       2580114.88000
2891       2583529.18000
2892       2586946.84000
2893       2590367.87000
2894       2593792.27000
2895       2597220.05000
2896       2600651.21000
2897       2604085.74000
2898       2607523.65000
2899       2610964.95000
2900       2614409.62000
2901       2617857.69000
2902       2621309.14000
2903       2624763.98000
2904       2628222.21000
2905       2631683.83000
2906       2635148.84000
2907       2638617.26000
2908       2642089.07000
2909       2645564.28000
2910       2649042.89000
2911       2652524.90000
2912       2656010.32000
2913       2659499.15000
2914       2662991.38000
2915       2666487.03000
2916       2669986.08000
2917       2673488.55000
2918       2676994.44000
2919       2680503.74000
2920       2684016.46000
2921       2687532.61000
2922       2691052.17000
2923       2694575.16000
2924       2698101.58000
2925       2701631.43000
2926       2705164.70000
2927       2708701.41000
2928       2712241.55000
2929       2715785.12000
2930       2719332.13000
2931       2722882.58000
2932       2726436.47000
2933       2729993.81000
2934       2733554.58000
2935       2737118.81000
2936       2740686.48000
2937       2744257.60000
2938       2747832.17000
2939       2751410.19000
2940       2754991.67000
2941       2758576.60000
2942       2762164.99000
2943       2765756.84000
2944       2769352.16000
2945       2772950.93000
2946       2776553.18000
2947       2780158.88000
2948       2783768.06000
2949       2787380.71000
2950       2790996.83000
2951       2794616.42000
2952       2798239.49000
2953       2801866.04000
2954       2805496.06000
2955       2809129.57000
2956       2812766.56000
2957       2816407.03000
2958       2820050.99000
2959       2823698.44000
2960       2827349.38000
2961       2831003.80000
2962       2834661.72000
2963       2838323.14000
2964       2841988.05000
2965       2845656.46000
2966       2849328.37000
2967       2853003.79000
2968       2856682.70000
2969       2860365.13000
2970       2864051.05000
2971       2867740.49000
2972       2871433.44000
2973       2875129.90000
2974       2878829.87000
2975       2882533.36000
2976       2886240.37000
2977       2889950.89000
2978       2893664.94000
2979       2897382.51000
2980       2901103.60000
2981       2904828.22000
2982       2908556.37000
2983       2912288.05000
2984       2916023.25000
2985       2919762.00000
2986       2923504.27000
2987       2927250.08000
2988       2930999.43000
2989       2934752.32000
2990       2938508.75000
2991       2942268.73000
2992       2946032.25000
2993       2949799.31000
2994       2953569.93000
2995       2957344.09000
2996       2961121.81000
2997       2964903.08000
2998       2968687.90000
2999       2972476.29000
3000       2976268.23000
3001       2980063.73000
3002       2983862.79000
3003       2987665.42000
3004       2991471.61000
3005       2995281.37000
3006       2999094.70000
3007       3002911.60000
3008       3006732.07000
3009       3010556.12000
3010       3014383.74000
3011       3018214.94000
3012       3022049.71000
3013       3025888.07000
3014       3029730.01000
3015       3033575.54000
3016       3037424.65000
3017       3041277.35000
3018       3045133.63000
3019       3048993.51000
3020       3052856.98000
3021       3056724.05000
3022       3060594.71000
3023       3064468.97000
3024       3068346.83000
3025       3072228.29000
3026       3076113.35000
3027       3080002.02000
3028       3083894.29000
3029       3087790.17000
3030       3091689.67000
3031       3095592.77000
3032       3099499.48000
3033       3103409.81000
3034       3107323.76000
3035       3111241.32000
3036       3115162.50000
3037       3119087.31000
3038       3123015.74000
3039       3126947.79000
3040       3130883.47000
3041       3134822.77000
3042       3138765.71000
3043       3142712.27000
3044       3146662.47000
3045       3150616.31000
3046       3154573.78000
3047       3158534.89000
3048       3162499.64000
3049       3166468.03000
3050       3170440.06000
3051       3174415.74000
3052       3178395.06000
3053       3182378.03000
3054       3186364.65000
3055       3190354.92000
3056       3194348.85000
3057       3198346.43000
3058       3202347.66000
3059       3206352.56000
3060       3210361.11000
3061       3214373.33000
3062       3218389.20000
3063       3222408.75000
3064       3226431.95000
3065       3230458.83000
3066       3234489.37000
3067       3238523.59000
3068       3242561.48000
3069       3246603.04000
3070       3250648.28000
3071       3254697.20000
3072       3258749.79000
3073       3262806.07000
3074       3266866.03000
3075       3270929.67000
3076       3274997.00000
3077       3279068.02000
3078       3283142.73000
3079       3287221.12000
3080       3291303.21000
3081       3295389.00000
3082       3299478.48000
3083       3303571.65000
3084       3307668.53000
3085       3311769.10000
3086       3315873.38000
3087       3319981.36000
3088       3324093.05000
3089       3328208.44000
3090       3332327.55000
3091       3336450.36000
3092       3340576.88000
3093       3344707.12000
3094       3348841.07000
3095       3352978.74000
3096       3357120.13000
3097       3361265.24000
3098       3365414.07000
3099       3369566.62000
3100       3373722.90000
3101       3377882.91000
3102       3382046.64000
3103       3386214.10000
3104       3390385.30000
3105       3394560.22000
3106       3398738.88000
3107       3402921.28000
3108       3407107.41000
3109       3411297.29000
3110       3415490.90000
3111       3419688.26000
3112       3423889.36000
3113       3428094.21000
3114       3432302.80000
3115       3436515.14000
3116       3440731.24000
3117       3444951.08000
3118       3449174.68000
3119       3453402.04000
3120       3457633.15000
3121       3461868.02000
3122       3466106.65000
3123       3470349.04000
3124       3474595.20000
3125       3478845.12000
3126       3483098.80000
3127       3487356.26000
3128       3491617.48000
3129       3495882.47000
3130       3500151.24000
3131       3504423.78000
3132       3508700.10000
3133       3512980.19000
3134       3517264.07000
3135       3521551.72000
3136       3525843.16000
3137       3530138.38000
3138       3534437.39000
3139       3538740.18000
3140       3543046.76000
3141       3547357.13000
3142       3551671.29000
3143       3555989.25000
3144       3560311.00000
3145       3564636.55000
3146       3568965.89000
3147       3573299.04000
3148       3577635.98000
3149       3581976.73000
3150       3586321.28000
3151       3590669.64000
3152       3595021.81000
3153       3599377.78000
3154       3603737.56000
3155       3608101.16000
3156       3612468.57000
3157       3616839.79000
3158       3621214.84000
3159       3625593.69000
3160       3629976.37000
3161       3634362.87000
3162       3638753.20000
3163       3643147.34000
3164       3647545.32000
3165       3651947.12000
3166       3656352.75000
3167       3660762.21000
3168       3665175.50000
3169       3669592.62000
3170       3674013.58000
3171       3678438.38000
3172       3682867.02000
3173       3687299.49000
3174       3691735.81000
3175       3696175.97000
3176       3700619.97000
3177       3705067.82000
3178       3709519.51000
3179       3713975.06000
3180       3718434.45000
3181       3722897.70000
3182       3727364.80000
3183       3731835.76000
3184       3736310.57000
3185       3740789.24000
3186       3745271.77000
3187       3749758.16000
3188       3754248.42000
3189       3758742.54000
3190       3763240.52000
3191       3767742.37000
3192       3772248.09000
3193       3776757.68000
3194       3781271.14000
3195       3785788.47000
3196       3790309.68000
3197       3794834.77000
3198       3799363.73000
3199       3803896.57000
3200       3808433.30000
3201       3812973.90000
3202       3817518.39000
3203       3822066.76000
3204       3826619.02000
3205       3831175.17000
3206       3835735.21000
3207       3840299.14000
3208       3844866.96000
3209       3849438.68000
3210       3854014.29000
3211       3858593.80000
3212       3863177.21000
3213       3867764.52000
3214       3872355.73000
3215       3876950.84000
3216       3881549.86000
3217       3886152.79000
3218       3890759.62000
3219       3895370.36000
3220       3899985.01000
3221       3904603.57000
3222       3909226.05000
3223       3913852.44000
3224       3918482.75000
3225       3923116.98000
3226       3927755.12000
3227       3932397.19000
3228       3937043.18000
3229       3941693.09000
3230       3946346.93000
3231       3951004.70000
3232       3955666.39000
3233       3960332.01000
3234       3965001.57000
3235       3969675.05000
3236       3974352.48000
3237       3979033.83000
3238       3983719.13000
3239       3988408.36000
3240       3993101.53000
3241       3997798.64000
3242       4002499.70000
3243       4007204.70000
3244       4011913.65000
3245       4016626.54000
3246       4021343.38000
3247       4026064.18000
3248       4030788.92000
3249       4035517.62000
3250       4040250.27000
3251       4044986.88000
3252       4049727.44000
3253       4054471.97000
3254       4059220.45000
3255       4063972.90000
3256       4068729.31000
3257       4073489.68000
3258       4078254.02000
3259       4083022.33000
3260       4087794.60000
3261       4092570.85000
3262       4097351.07000
3263       4102135.26000
3264       4106923.43000
3265       4111715.57000
3266       4116511.69000
3267       4121311.79000
3268       4126115.87000
3269       4130923.93000
3270       4135735.97000
3271       4140552.00000
3272       4145372.01000
3273       4150196.01000
3274       4155024.01000
3275       4159855.99000
3276       4164691.96000
3277       4169531.92000
3278       4174375.88000
3279       4179223.84000
3280       4184075.79000
3281       4188931.75000
3282       4193791.70000
3283       4198655.65000
3284       4203523.61000
3285       4208395.57000
3286       4213271.54000
3287       4218151.51000
3288       4223035.50000
3289       4227923.49000
3290       4232815.49000
3291       4237711.51000
3292       4242611.54000
3293       4247515.59000
3294       4252423.65000
3295       4257335.74000
3296       4262251.84000
3297       4267171.96000
3298       4272096.11000
3299       4277024.28000
3300       4281956.47000
3301       4286892.69000
3302       4291832.94000
3303       4296777.22000
3304       4301725.53000
3305       4306677.88000
3306       4311634.25000
3307       4316594.66000
3308       4321559.11000
3309       4326527.60000
3310       4331500.12000
3311       4336476.69000
3312       4341457.29000
3313       4346441.94000
3314       4351430.64000
3315       4356423.38000
3316       4361420.17000
3317       4366421.00000
3318       4371425.89000
3319       4376434.83000
3320       4381447.82000
3321       4386464.86000
3322       4391485.96000
3323       4396511.12000
3324       4401540.34000
3325       4406573.61000
3326       4411610.95000
3327       4416652.35000
3328       4421697.81000
3329       4426747.34000
3330       4431800.93000
3331       4436858.59000
3332       4441920.32000
3333       4446986.13000
3334       4452056.00000
3335       4457129.94000
3336       4462207.97000
3337       4467290.06000
3338       4472376.24000
3339       4477466.49000
3340       4482560.82000
3341       4487659.23000
3342       4492761.73000
3343       4497868.31000
3344       4502978.97000
3345       4508093.72000
3346       4513212.56000
3347       4518335.49000
3348       4523462.51000
3349       4528593.62000
3350       4533728.82000
3351       4538868.12000
3352       4544011.51000
3353       4549159.00000
3354       4554310.59000
3355       4559466.28000
3356       4564626.07000
3357       4569789.96000
3358       4574957.96000
3359       4580130.06000
3360       4585306.26000
3361       4590486.58000
3362       4595671.00000
3363       4600859.54000
3364       4606052.18000
3365       4611248.94000
3366       4616449.81000
3367       4621654.80000
3368       4626863.91000
3369       4632077.13000
3370       4637294.47000
3371       4642515.93000
3372       4647741.52000
3373       4652971.23000
3374       4658205.06000
3375       4663443.02000
3376       4668685.10000
3377       4673931.32000
3378       4679181.66000
3379       4684436.14000
3380       4689694.75000
3381       4694957.49000
3382       4700224.36000
3383       4705495.37000
3384       4710770.52000
3385       4716049.81000
3386       4721333.24000
3387       4726620.81000
3388       4731912.52000
3389       4737208.38000
3390       4742508.38000
3391       4747812.53000
3392       4753120.82000
3393       4758433.27000
3394       4763749.86000
3395       4769070.61000
3396       4774395.51000
3397       4779724.56000
3398       4785057.77000
3399       4790395.13000
3400       4795736.65000
3401       4801082.34000
3402       4806432.18000
3403       4811786.18000
3404       4817144.35000
3405       4822506.68000
3406       4827873.17000
3407       4833243.84000
3408       4838618.67000
3409       4843997.67000
3410       4849380.84000
3411       4854768.18000
3412       4860159.69000
3413       4865555.38000
3414       4870955.24000
3415       4876359.28000
3416       4881767.50000
3417       4887179.90000
3418       4892596.48000
3419       4898017.24000
3420       4903442.18000
3421       4908871.31000
3422       4914304.62000
3423       4919742.11000
3424       4925183.80000
3425       4930629.68000
3426       4936079.74000
3427       4941534.00000
3428       4946992.45000
3429       4952455.09000
3430       4957921.93000
3431       4963392.96000
3432       4968868.19000
3433       4974347.62000
3434       4979831.25000
3435       4985319.09000
3436       4990811.12000
3437       4996307.36000
3438       5001807.80000
3439       5007312.45000
3440       5012821.31000
3441       5018334.37000
3442       5023851.64000
3443       5029373.13000
3444       5034898.83000
3445       5040428.74000
3446       5045962.86000
3447       5051501.20000
3448       5057043.76000
3449       5062590.54000
3450       5068141.53000
3451       5073696.75000
3452       5079256.19000
3453       5084819.85000
3454       5090387.73000
3455       5095959.84000
3456       5101536.18000
3457       5107116.74000
3458       5112701.53000
3459       5118290.56000
3460       5123883.81000
3461       5129481.30000
3462       5135083.02000
3463       5140688.97000
3464       5146299.16000
3465       5151913.59000
3466       5157532.26000
3467       5163155.16000
3468       5168782.31000
3469       5174413.70000
3470       5180049.33000
3471       5185689.21000
3472       5191333.33000
3473       5196981.69000
3474       5202634.31000
3475       5208291.17000
3476       5213952.29000
3477       5219617.65000
3478       5225287.27000
3479       5230961.14000
3480       5236639.27000
3481       5242321.65000
3482       5248008.29000
3483       5253699.19000
3484       5259394.34000
3485       5265093.76000
3486       5270797.44000
3487       5276505.38000
3488       5282217.58000
3489       5287934.05000
3490       5293654.79000
3491       5299379.79000
3492       5305109.06000
3493       5310842.61000
3494       5316580.42000
3495       5322322.50000
3496       5328068.86000
3497       5333819.49000
3498       5339574.40000
3499       5345333.58000
3500       5351097.04000