   1            27.82335
   2            50.94813
   3            74.23996
   4            97.57014
   5           120.91520
   6           144.26759
   7           167.62413
   8           190.98326
   9           214.34413
  10           237.70623
  11           261.06922
  12           284.43290
  13           307.79712
  14           331.16179
  15           354.52681
  16           377.89213
  17           401.25771
  18           424.62352
  19           447.98953
  20           471.35572
  21           494.72206
  22           518.08856
  23           541.45519
  24           564.82194
  25           588.18882
  26           611.55580
  27           634.92289
  28           658.29007
  29           681.65735
  30           705.02473
  31           728.39219
  32           751.75973
  33           775.12736
  34           798.49507
  35           821.86285
  36           845.23072
  37           868.59865
  38           891.96666
  39           915.33475
  40           938.70290
  41           962.07113
  42           985.43942
  43          1008.80778
  44          1032.17621
  45          1055.54470
  46          1078.91327
  47          1102.28189
  48          1125.65059
  49          1149.01935
  50          1172.38818
  51          1195.75707
  52          1219.12603
  53          1242.49506
  54          1265.86416
  55          1289.23333
  56          1312.60258
  57          1335.97190
  58          1359.34130
  59          1382.71079
  60          1406.08038
  61          1429.45006
  62          1452.81985
  63          1476.18976
  64          1499.55980
  65          1522.92999
  66          1546.30033
  67          1569.67085
  68          1593.04157
  69          1616.41251
  70          1639.78370
  71          1663.15518
  72          1686.52696
  73          1709.89910
  74          1733.27162
  75          1756.64459
  76          1780.01805
  77          1803.39205
  78          1826.76666
  79          1850.14194
  80          1873.51796
  81          1896.89481
  82          1920.27257
  83          1943.65133
  84          1967.03118
  85          1990.41224
  86          2013.79461
  87          2037.17842
  88          2060.56379
  89          2083.95085
  90          2107.33976
  91          2130.73066
  92          2154.12371
  93          2177.51908
  94          2200.91694
  95          2224.31749
  96          2247.72092
  97          2271.12743
  98          2294.53724
  99          2317.95056
 100          2341.36762
 101          2364.78868
 102          2388.21397
 103          2411.64376
 104          2435.07830
 105          2458.51789
 106          2481.96280
 107          2505.41334
 108          2528.86980
 109          2552.33249
 110          2575.80175
 111          2599.27790
 112          2622.76127
 113          2646.25223
 114          2669.75113
 115          2693.25832
 116          2716.77419
 117          2740.29912
 118          2763.83349
 119          2787.37771
 120          2810.93217
 121          2834.49730
 122          2858.07351
 123          2881.66123
 124          2905.26089
 125          2928.87294
 126          2952.49782
 127          2976.13599
 128          2999.78791
 129          3023.45404
 130          3047.13486
 131          3070.83085
 132          3094.54249
 133          3118.27027
 134          3142.01469
 135          3165.77623
 136          3189.55542
 137          3213.35276
 138          3237.16876
 139          3261.00393
 140          3284.85881
 141          3308.73391
 142          3332.62977
 143          3356.54692
 144          3380.48590
 145          3404.44723
 146          3428.43147
 147          3452.43917
 148          3476.47086
 149          3500.52710
 150          3524.60844
 151          3548.71543
 152          3572.84864
 153          3597.00862
 154          3621.19592
 155          3645.41112
 156          3669.65477
 157          3693.92743
 158          3718.22968
 159          3742.56208
 160          3766.92520
 161          3791.31960
 162          3815.74585
 163          3840.20452
 164          3864.69618
 165          3889.22140
 166          3913.78075
 167          3938.37479
 168          3963.00410
 169          3987.66925
 170          4012.37081
 171          4037.10934
 172          4061.88541
 173          4086.69959
 174          4111.55245
 175          4136.44455
 176          4161.37646
 177          4186.34875
 178          4211.36197
 179          4236.41669
 180          4261.51347
 181          4286.65288
 182          4311.83547
 183          4337.06180
 184          4362.33243
 185          4387.64791
 186          4413.00880
 187          4438.41566
 188          4463.86902
 189          4489.36944
 190          4514.91748
 191          4540.51368
 192          4566.15857
 193          4591.85271
 194          4617.59665
 195          4643.39091
 196          4669.23603
 197          4695.13256
 198          4721.08103
 199          4747.08198
 200          4773.13592
 201          4799.24340
 202          4825.40494
 203          4851.62106
 204          4877.89230
 205          4904.21916
 206          4930.60218
 207          4957.04187
 208          4983.53875
 209          5010.09333
 210          5036.70612
 211          5063.37764
 212          5090.10839
 213          5116.89888
 214          5143.74962
 215          5170.66110
 216          5197.63384
 217          5224.66832
 218          5251.76504
 219          5278.92451
 220          5306.14721
 221          5333.43363
 222          5360.78427
 223          5388.19961
 224          5415.68013
 225          5443.22633
 226          5470.83868
 227          5498.51766
 228          5526.26376
 229          5554.07744
 230          5581.95919
 231          5609.90947
 232          5637.92876
 233          5666.01752
 234          5694.17623
 235          5722.40535
 236          5750.70534
 237          5779.07666
 238          5807.51978
 239          5836.03515
 240          5864.62324
 241          5893.28449
 242          5922.01936
 243          5950.82831
 244          5979.71177
 245          6008.67022
 246          6037.70408
 247          6066.81380
 248          6095.99984
 249          6125.26263
 250          6154.60261
 251          6184.02023
 252          6213.51592
 253          6243.09012
 254          6272.74326
 255          6302.47577
 256          6332.28810
 257          6362.18067
 258          6392.15392
 259          6422.20826
 260          6452.34412
 261          6482.56194
 262          6512.86214
 263          6543.24513
 264          6573.71135
 265          6604.26121
 266          6634.89513
 267          6665.61353
 268          6696.41682
 269          6727.30543
 270          6758.27976
 271          6789.34024
 272          6820.48727
 273          6851.72126
 274          6883.04262
 275          6914.45177
 276          6945.94911
 277          6977.53505
 278          7009.20999
 279          7040.97434
 280          7072.82850
 281          7104.77288
 282          7136.80788
 283          7168.93389
 284          7201.15133
 285          7233.46058
 286          7265.86205
 287          7298.35613
 288          7330.94323
 289          7363.62373
 290          7396.39804
 291          7429.26654
 292          7462.22962
 293          7495.28770
 294          7528.44114
 295          7561.69035
 296          7595.03572
 297          7628.47763
 298          7662.01647
 299          7695.65264
 300          7729.38651
 301          7763.21849
 302          7797.14894
 303          7831.17827
 304          7865.30685
 305          7899.53506
 306          7933.86330
 307          7968.29195
 308          8002.82138
 309          8037.45198
 310          8072.18414
 311          8107.01823
 312          8141.95463
 313          8176.99373
 314          8212.13590
 315          8247.38152
 316          8282.73098
 317          8318.18464
 318          8353.74290
 319          8389.40612
 320          8425.17468
 321          8461.04896
 322          8497.02934
 323          8533.11618
 324          8569.30988
 325          8605.61079
 326          8642.01931
 327          8678.53580
 328          8715.16063
 329          8751.89418
 330          8788.73682
 331          8825.68894
 332          8862.75089
 333          8899.92306
 334          8937.20581
 335          8974.59952
 336          9012.10456
 337          9049.72130
 338          9087.45011
 339          9125.29138
 340          9163.24545
 341          9201.31272
 342          9239.49355
 343          9277.78830
 344          9316.19736
 345          9354.72109
 346          9393.35986
 347          9432.11404
 348          9470.98400
 349          9509.97012
 350          9549.07276
 351          9588.29229
 352          9627.62908
 353          9667.08351
 354          9706.65594
 355          9746.34674
 356          9786.15628
 357          9826.08493
 358          9866.13307
 359          9906.30105
 360          9946.58925
 361          9986.99805
 362         10027.52780
 363         10068.17890
 364         10108.95170
 365         10149.84650
 366         10190.86380
 367         10232.00390
 368         10273.26720
 369         10314.65400
 370         10356.16470
 371         10397.79970
 372         10439.55940
 373         10481.44410
 374         10523.45420
 375         10565.59010
 376         10607.85210
 377         10650.24060
 378         10692.75600
 379         10735.39870
 380         10778.16900
 381         10821.06720
 382         10864.09390
 383         10907.24920
 384         10950.53370
 385         10993.94760
 386         11037.49150
 387         11081.16550
 388         11124.97010
 389         11168.90570
 390         11212.97260
 391         11257.17130
 392         11301.50200
 393         11345.96520
 394         11390.56120
 395         11435.29050
 396         11480.15330
 397         11525.15000
 398         11570.28110
 399         11615.54690
 400         11660.94780
 401         11706.48420
 402         11752.15630
 403         11797.96470
 404         11843.90970
 405         11889.99160
 406         11936.21080
 407         11982.56780
 408         12029.06280
 409         12075.69630
 410         12122.46870
 411         12169.38030
 412         12216.43150
 413         12263.62260
 414         12310.95410
 415         12358.42640
 416         12406.03970
 417         12453.79460
 418         12501.69140
 419         12549.73040
 420         12597.91200
 421         12646.23660
 422         12694.70470
 423         12743.31650
 424         12792.07250
 425         12840.97310
 426         12890.01860
 427         12939.20940
 428         12988.54590
 429         13038.02840
 430         13087.65750
 431         13137.43340
 432         13187.35650
 433         13237.42730
 434         13287.64600
 435         13338.01320
 436         13388.52910
 437         13439.19420
 438         13490.00890
 439         13540.97350
 440         13592.08840
 441         13643.35410
 442         13694.77090
 443         13746.33920
 444         13798.05940
 445         13849.93180
 446         13901.95690
 447         13954.13510
 448         14006.46680
 449         14058.95230
 450         14111.59210
 451         14164.38640
 452         14217.33590
 453         14270.44070
 454         14323.70140
 455         14377.11820
 456         14430.69170
 457         14484.42220
 458         14538.31010
 459         14592.35580
 460         14646.55970
 461         14700.92220
 462         14755.44360
 463         14810.12450
 464         14864.96520
 465         14919.96600
 466         14975.12750
 467         15030.44990
 468         15085.93380
 469         15141.57940
 470         15197.38720
 471         15253.35770
 472         15309.49110
 473         15365.78790
 474         15422.24860
 475         15478.87350
 476         15535.66300
 477         15592.61750
 478         15649.73750
 479         15707.02330
 480         15764.47540
 481         15822.09410
 482         15879.88000
 483         15937.83320
 484         15995.95440
 485         16054.24390
 486         16112.70200
 487         16171.32930
 488         16230.12620
 489         16289.09290
 490         16348.23010
 491         16407.53800
 492         16467.01710
 493         16526.66770
 494         16586.49040
 495         16646.48560
 496         16706.65360
 497         16766.99480
 498         16827.50970
 499         16888.19880
 500         16949.06230
 501         17010.10080
 502         17071.31460
 503         17132.70420
 504         17194.27010
 505         17256.01250
 506         17317.93200
 507         17380.02890
 508         17442.30380
 509         17504.75690
 510         17567.38880
 511         17630.19980
 512         17693.19050
 513         17756.36110
 514         17819.71220
 515         17883.24410
 516         17946.95740
 517         18010.85230
 518         18074.92950
 519         18139.18920
 520         18203.63190
 521         18268.25800
 522         18333.06810
 523         18398.06240
 524         18463.24150
 525         18528.60580
 526         18594.15560
 527         18659.89150
 528         18725.81390
 529         18791.92320
 530         18858.21990
 531         18924.70430
 532         18991.37700
 533         19058.23830
 534         19125.28870
 535         19192.52870
 536         19259.95870
 537         19327.57910
 538         19395.39030
 539         19463.39290
 540         19531.58720
 541         19599.97370
 542         19668.55280
 543         19737.32500
 544         19806.29070
 545         19875.45050
 546         19944.80460
 547         20014.35360
 548         20084.09790
 549         20154.03800
 550         20224.17430
 551         20294.50730
 552         20365.03730
 553         20435.76500
 554         20506.69060
 555         20577.81480
 556         20649.13780
 557         20720.66020
 558         20792.38250
 559         20864.30500
 560         20936.42830
 561         21008.75280
 562         21081.27890
 563         21154.00720
 564         21226.93800
 565         21300.07180
 566         21373.40920
 567         21446.95050
 568         21520.69620
 569         21594.64670
 570         21668.80260
 571         21743.16430
 572         21817.73230
 573         21892.50700
 574         21967.48890
 575         22042.67840
 576         22118.07610
 577         22193.68240
 578         22269.49770
 579         22345.52260
 580         22421.75740
 581         22498.20270
 582         22574.85900
 583         22651.72660
 584         22728.80620
 585         22806.09810
 586         22883.60280
 587         22961.32080
 588         23039.25270
 589         23117.39870
 590         23195.75950
 591         23274.33550
 592         23353.12720
 593         23432.13500
 594         23511.35950
 595         23590.80110
 596         23670.46020
 597         23750.33750
 598         23830.43330
 599         23910.74820
 600         23991.28260
 601         24072.03700
 602         24153.01200
 603         24234.20790
 604         24315.62520
 605         24397.26450
 606         24479.12630
 607         24561.21100
 608         24643.51910
 609         24726.05110
 610         24808.80750
 611         24891.78880
 612         24974.99550
 613         25058.42800
 614         25142.08700
 615         25225.97280
 616         25310.08590
 617         25394.42690
 618         25478.99620
 619         25563.79440
 620         25648.82190
 621         25734.07930
 622         25819.56700
 623         25905.28550
 624         25991.23540
 625         26077.41710
 626         26163.83110
 627         26250.47800
 628         26337.35820
 629         26424.47230
 630         26511.82080
 631         26599.40410
 632         26687.22270
 633         26775.27730
 634         26863.56820
 635         26952.09600
 636         27040.86120
 637         27129.86430
 638         27219.10590
 639         27308.58630
 640         27398.30620
 641         27488.26610
 642         27578.46650
 643         27668.90780
 644         27759.59060
 645         27850.51540
 646         27941.68280
 647         28033.09320
 648         28124.74720
 649         28216.64520
 650         28308.78790
 651         28401.17570
 652         28493.80920
 653         28586.68880
 654         28679.81510
 655         28773.18860
 656         28866.80980
 657         28960.67930
 658         29054.79760
 659         29149.16530
 660         29243.78270
 661         29338.65060
 662         29433.76930
 663         29529.13940
 664         29624.76160
 665         29720.63620
 666         29816.76380
 667         29913.14500
 668         30009.78020
 669         30106.67010
 670         30203.81510
 671         30301.21590
 672         30398.87280
 673         30496.78650
 674         30594.95760
 675         30693.38640
 676         30792.07370
 677         30891.01980
 678         30990.22540
 679         31089.69110
 680         31189.41720
 681         31289.40450
 682         31389.65340
 683         31490.16440
 684         31590.93820
 685         31691.97530
 686         31793.27610
 687         31894.84140
 688         31996.67150
 689         32098.76710
 690         32201.12870
 691         32303.75690
 692         32406.65220
 693         32509.81510
 694         32613.24630
 695         32716.94630
 696         32820.91550
 697         32925.15470
 698         33029.66430
 699         33134.44490
 700         33239.49710
 701         33344.82130
 702         33450.41830
 703         33556.28850
 704         33662.43240
 705         33768.85080
 706         33875.54400
 707         33982.51280
 708         34089.75760
 709         34197.27900
 710         34305.07750
 711         34413.15390
 712         34521.50850
 713         34630.14200
 714         34739.05500
 715         34848.24800
 716         34957.72160
 717         35067.47640
 718         35177.51290
 719         35287.83170
 720         35398.43330
 721         35509.31850
 722         35620.48770
 723         35731.94140
 724         35843.68040
 725         35955.70510
 726         36068.01620
 727         36180.61420
 728         36293.49970
 729         36406.67330
 730         36520.13560
 731         36633.88710
 732         36747.92840
 733         36862.26020
 734         36976.88290
 735         37091.79730
 736         37207.00380
 737         37322.50310
 738         37438.29570
 739         37554.38230
 740         37670.76340
 741         37787.43960
 742         37904.41160
 743         38021.67980
 744         38139.24500
 745         38257.10760
 746         38375.26830
 747         38493.72780
 748         38612.48640
 749         38731.54500
 750         38850.90410
 751         38970.56420
 752         39090.52600
 753         39210.79010
 754         39331.35700
 755         39452.22750
 756         39573.40200
 757         39694.88120
 758         39816.66570
 759         39938.75610
 760         40061.15300
 761         40183.85700
 762         40306.86870
 763         40430.18880
 764         40553.81780
 765         40677.75640
 766         40802.00510
 767         40926.56460
 768         41051.43540
 769         41176.61830
 770         41302.11380
 771         41427.92250
 772         41554.04510
 773         41680.48210
 774         41807.23420
 775         41934.30210
 776         42061.68620
 777         42189.38730
 778         42317.40590
 779         42445.74280
 780         42574.39840
 781         42703.37350
 782         42832.66870
 783         42962.28450
 784         43092.22160
 785         43222.48070
 786         43353.06230
 787         43483.96720
 788         43615.19580
 789         43746.74900
 790         43878.62720
 791         44010.83110
 792         44143.36140
 793         44276.21870
 794         44409.40360
 795         44542.91670
 796         44676.75880
 797         44810.93040
 798         44945.43220
 799         45080.26470
 800         45215.42880
 801         45350.92490
 802         45486.75370
 803         45622.91600
 804         45759.41220
 805         45896.24320
 806         46033.40940
 807         46170.91160
 808         46308.75040
 809         46446.92650
 810         46585.44040
 811         46724.29290
 812         46863.48460
 813         47003.01620
 814         47142.88820
 815         47283.10150
 816         47423.65650
 817         47564.55400
 818         47705.79460
 819         47847.37900
 820         47989.30780
 821         48131.58180
 822         48274.20150
 823         48417.16760
 824         48560.48070
 825         48704.14170
 826         48848.15100
 827         48992.50930
 828         49137.21740
 829         49282.27590
 830         49427.68550
 831         49573.44680
 832         49719.56040
 833         49866.02720
 834         50012.84760
 835         50160.02250
 836         50307.55240
 837         50455.43810
 838         50603.68020
 839         50752.27940
 840         50901.23630
 841         51050.55180
 842         51200.22630
 843         51350.26060
 844         51500.65540
 845         51651.41130
 846         51802.52910
 847         51954.00940
 848         52105.85290
 849         52258.06030
 850         52410.63230
 851         52563.56940
 852         52716.87260
 853         52870.54230
 854         53024.57940
 855         53178.98440
 856         53333.75820
 857         53488.90130
 858         53644.41450
 859         53800.29840
 860         53956.55380
 861         54113.18130
 862         54270.18170
 863         54427.55560
 864         54585.30370
 865         54743.42680
 866         54901.92550
 867         55060.80050
 868         55220.05250
 869         55379.68220
 870         55539.69040
 871         55700.07770
 872         55860.84490
 873         56021.99250
 874         56183.52140
 875         56345.43230
 876         56507.72580
 877         56670.40270
 878         56833.46360
 879         56996.90930
 880         57160.74050
 881         57324.95790
 882         57489.56220
 883         57654.55420
 884         57819.93450
 885         57985.70380
 886         58151.86290
 887         58318.41250
 888         58485.35340
 889         58652.68610
 890         58820.41150
 891         58988.53020
 892         59157.04300
 893         59325.95070
 894         59495.25390
 895         59664.95330
 896         59835.04970
 897         60005.54380
 898         60176.43640
 899         60347.72810
 900         60519.41970
 901         60691.51190
 902         60864.00550
 903         61036.90110
 904         61210.19960
 905         61383.90160
 906         61558.00790
 907         61732.51930
 908         61907.43630
 909         62082.75990
 910         62258.49070
 911         62434.62950
 912         62611.17690
 913         62788.13380
 914         62965.50090
 915         63143.27900
 916         63321.46870
 917         63500.07080
 918         63679.08610
 919         63858.51530
 920         64038.35920
 921         64218.61840
 922         64399.29390
 923         64580.38620
 924         64761.89620
 925         64943.82460
 926         65126.17210
 927         65308.93960
 928         65492.12770
 929         65675.73730
 930         65859.76900
 931         66044.22370
 932         66229.10210
 933         66414.40490
 934         66600.13300
 935         66786.28700
 936         66972.86780
 937         67159.87600
 938         67347.31260
 939         67535.17810
 940         67723.47350
 941         67912.19940
 942         68101.35670
 943         68290.94600
 944         68480.96830
 945         68671.42410
 946         68862.31440
 947         69053.63990
 948         69245.40130
 949         69437.59940
 950         69630.23510
 951         69823.30900
 952         70016.82200
 953         70210.77490
 954         70405.16830
 955         70600.00320
 956         70795.28020
 957         70991.00020
 958         71187.16390
 959         71383.77220
 960         71580.82570
 961         71778.32540
 962         71976.27200
 963         72174.66620
 964         72373.50890
 965         72572.80080
 966         72772.54280
 967         72972.73560
 968         73173.38000
 969         73374.47680
 970         73576.02690
 971         73778.03090
 972         73980.48980
 973         74183.40430
 974         74386.77510
 975         74590.60320
 976         74794.88920
 977         74999.63410
 978         75204.83850
 979         75410.50340
 980         75616.62940
 981         75823.21750
 982         76030.26840
 983         76237.78290
 984         76445.76180
 985         76654.20600
 986         76863.11620
 987         77072.49330
 988         77282.33810
 989         77492.65130
 990         77703.43390
 991         77914.68650
 992         78126.41010
 993         78338.60550
 994         78551.27330
 995         78764.41460
 996         78978.03010
 997         79192.12060
 998         79406.68690
 999         79621.72990
1000         79837.25040
1001         80053.24920
1002         80269.72710
1003         80486.68500
1004         80704.12360
1005         80922.04390
1006         81140.44670
1007         81359.33270
1008         81578.70280
1009         81798.55790
1010         82018.89870
1011         82239.72610
1012         82461.04100
1013         82682.84420
1014         82905.13650
1015         83127.91870
1016         83351.19170
1017         83574.95630
1018         83799.21350
1019         84023.96390
1020         84249.20850
1021         84474.94810
1022         84701.18350
1023         84927.91560
1024         85155.14530
1025         85382.87330
1026         85611.10060
1027         85839.82800
1028         86069.05630
1029         86298.78630
1030         86529.01910
1031         86759.75530
1032         86990.99580
1033         87222.74160
1034         87454.99340
1035         87687.75210
1036         87921.01870
1037         88154.79380
1038         88389.07840
1039         88623.87340
1040         88859.17970
1041         89094.99800
1042         89331.32920
1043         89568.17430
1044         89805.53400
1045         90043.40930
1046         90281.80100
1047         90520.71000
1048         90760.13720
1049         91000.08340
1050         91240.54950
1051         91481.53630
1052         91723.04480
1053         91965.07590
1054         92207.63030
1055         92450.70900
1056         92694.31290
1057         92938.44280
1058         93183.09960
1059         93428.28430
1060         93673.99760
1061         93920.24050
1062         94167.01380
1063         94414.31840
1064         94662.15530
1065         94910.52530
1066         95159.42930
1067         95408.86820
1068         95658.84290
1069         95909.35420
1070         96160.40310
1071         96411.99050
1072         96664.11720
1073         96916.78420
1074         97169.99230
1075         97423.74240
1076         97678.03550
1077         97932.87250
1078         98188.25420
1079         98444.18150
1080         98700.65540
1081         98957.67670
1082         99215.24640
1083         99473.36530
1084         99732.03440
1085         99991.25460
1086        100251.02700
1087        100511.35200
1088        100772.23100
1089        101033.66400
1090        101295.65400
1091        101558.19900
1092        101821.30300
1093        102084.96400
1094        102349.18500
1095        102613.96600
1096        102879.30900
1097        103145.21300
1098        103411.68000
1099        103678.71100
1100        103946.30700
1101        104214.46900
1102        104483.19800
1103        104752.49400
1104        105022.35800
1105        105292.79200
1106        105563.79700
1107        105835.37200
1108        106107.52000
1109        106380.24100
1110        106653.53700
1111        106927.40700
1112        107201.85300
1113        107476.87600
1114        107752.47700
1115        108028.65700
1116        108305.41700
1117        108582.75700
1118        108860.67900
1119        109139.18300
1120        109418.27100
1121        109697.94400
1122        109978.20200
1123        110259.04600
1124        110540.47700
1125        110822.49700
1126        111105.10600
1127        111388.30500
1128        111672.09500
1129        111956.47700
1130        112241.45200
1131        112527.02100
1132        112813.18500
1133        113099.94500
1134        113387.30200
1135        113675.25600
1136        113963.80900
1137        114252.96200
1138        114542.71600
1139        114833.07100
1140        115124.02900
1141        115415.59100
1142        115707.75700
1143        116000.52800
1144        116293.90600
1145        116587.89100
1146        116882.48500
1147        117177.68900
1148        117473.50200
1149        117769.92700
1150        118066.96400
1151        118364.61500
1152        118662.88000
1153        118961.76000
1154        119261.25600
1155        119561.36900
1156        119862.10100
1157        120163.45200
1158        120465.42300
1159        120768.01500
1160        121071.22900
1161        121375.06700
1162        121679.52800
1163        121984.61500
1164        122290.32700
1165        122596.66700
1166        122903.63500
1167        123211.23200
1168        123519.45800
1169        123828.31600
1170        124137.80600
1171        124447.92900
1172        124758.68600
1173        125070.07800
1174        125382.10700
1175        125694.77200
1176        126008.07500
1177        126322.01700
1178        126636.60000
1179        126951.82300
1180        127267.68800
1181        127584.19700
1182        127901.35000
1183        128219.14700
1184        128537.59100
1185        128856.68200
1186        129176.42100
1187        129496.80900
1188        129817.84800
1189        130139.53700
1190        130461.87900
1191        130784.87400
1192        131108.52300
1193        131432.82800
1194        131757.78900
1195        132083.40700
1196        132409.68300
1197        132736.61900
1198        133064.21500
1199        133392.47300
1200        133721.39300
1201        134050.97600
1202        134381.22400
1203        134712.13800
1204        135043.71800
1205        135375.96500
1206        135708.88200
1207        136042.46800
1208        136376.72400
1209        136711.65300
1210        137047.25400
1211        137383.52900
1212        137720.47900
1213        138058.10500
1214        138396.40800
1215        138735.38800
1216        139075.04800
1217        139415.38800
1218        139756.40900
1219        140098.11300
1220        140440.49900
1221        140783.57000
1222        141127.32600
1223        141471.76900
1224        141816.89900
1225        142162.71700
1226        142509.22500
1227        142856.42400
1228        143204.31400
1229        143552.89800
1230        143902.17500
1231        144252.14600
1232        144602.81400
1233        144954.17900
1234        145306.24200
1235        145659.00400
1236        146012.46600
1237        146366.62900
1238        146721.49500
1239        147077.06400
1240        147433.33800
1241        147790.31700
1242        148148.00300
1243        148506.39700
1244        148865.49900
1245        149225.31100
1246        149585.83400
1247        149947.07000
1248        150309.01800
1249        150671.68000
1250        151035.05800
1251        151399.15200
1252        151763.96300
1253        152129.49300
1254        152495.74300
1255        152862.71300
1256        153230.40500
1257        153598.82000
1258        153967.95900
1259        154337.82300
1260        154708.41400
1261        155079.73100
1262        155451.77700
1263        155824.55200
1264        156198.05800
1265        156572.29500
1266        156947.26500
1267        157322.97000
1268        157699.40800
1269        158076.58400
1270        158454.49600
1271        158833.14600
1272        159212.53600
1273        159592.66600
1274        159973.53800
1275        160355.15300
1276        160737.51100
1277        161120.61500
1278        161504.46400
1279        161889.06100
1280        162274.40600
1281        162660.50000
1282        163047.34500
1283        163434.94100
1284        163823.29000
1285        164212.39400
1286        164602.25200
1287        164992.86600
1288        165384.23700
1289        165776.36700
1290        166169.25600
1291        166562.90600
1292        166957.31800
1293        167352.49300
1294        167748.43100
1295        168145.13500
1296        168542.60500
1297        168940.84300
1298        169339.84900
1299        169739.62500
1300        170140.17100
1301        170541.49000
1302        170943.58200
1303        171346.44800
1304        171750.08900
1305        172154.50700
1306        172559.70300
1307        172965.67800
1308        173372.43200
1309        173779.96800
1310        174188.28600
1311        174597.38700
1312        175007.27300
1313        175417.94500
1314        175829.40400
1315        176241.65100
1316        176654.68700
1317        177068.51300
1318        177483.13100
1319        177898.54200
1320        178314.74600
1321        178731.74600
1322        179149.54100
1323        179568.13400
1324        179987.52600
1325        180407.71700
1326        180828.70900
1327        181250.50300
1328        181673.10000
1329        182096.50200
1330        182520.70900
1331        182945.72300
1332        183371.54500
1333        183798.17600
1334        184225.61700
1335        184653.86900
1336        185082.93500
1337        185512.81300
1338        185943.50700
1339        186375.01700
1340        186807.34500
1341        187240.49000
1342        187674.45600
1343        188109.24200
1344        188544.85100
1345        188981.28300
1346        189418.53900
1347        189856.62100
1348        190295.52900
1349        190735.26600
1350        191175.83200
1351        191617.22800
1352        192059.45600
1353        192502.51700
1354        192946.41200
1355        193391.14200
1356        193836.70900
1357        194283.11300
1358        194730.35600
1359        195178.43900
1360        195627.36300
1361        196077.13000
1362        196527.74000
1363        196979.19600
1364        197431.49700
1365        197884.64600
1366        198338.64300
1367        198793.49000
1368        199249.18800
1369        199705.73800
1370        200163.14100
1371        200621.39900
1372        201080.51300
1373        201540.48400
1374        202001.31300
1375        202463.00200
1376        202925.55100
1377        203388.96200
1378        203853.23700
1379        204318.37600
1380        204784.38000
1381        205251.25100
1382        205718.99100
1383        206187.60000
1384        206657.07900
1385        207127.43000
1386        207598.65400
1387        208070.75300
1388        208543.72700
1389        209017.57700
1390        209492.30600
1391        209967.91400
1392        210444.40200
1393        210921.77200
1394        211400.02500
1395        211879.16300
1396        212359.18600
1397        212840.09500
1398        213321.89300
1399        213804.57900
1400        214288.15600
1401        214772.62500
1402        215257.98700
1403        215744.24300
1404        216231.39500
1405        216719.44300
1406        217208.38900
1407        217698.23500
1408        218188.98100
1409        218680.62900
1410        219173.18000
1411        219666.63500
1412        220160.99600
1413        220656.26400
1414        221152.44000
1415        221649.52500
1416        222147.52100
1417        222646.42900
1418        223146.25000
1419        223646.98600
1420        224148.63800
1421        224651.20600
1422        225154.69300
1423        225659.09900
1424        226164.42700
1425        226670.67600
1426        227177.84900
1427        227685.94700
1428        228194.97100
1429        228704.92200
1430        229215.80100
1431        229727.61100
1432        230240.35100
1433        230754.02500
1434        231268.63200
1435        231784.17400
1436        232300.65200
1437        232818.06800
1438        233336.42300
1439        233855.71800
1440        234375.95500
1441        234897.13400
1442        235419.25800
1443        235942.32700
1444        236466.34300
1445        236991.30700
1446        237517.22000
1447        238044.08400
1448        238571.90000
1449        239100.66900
1450        239630.39300
1451        240161.07300
1452        240692.71000
1453        241225.30600
1454        241758.86100
1455        242293.37700
1456        242828.85700
1457        243365.29900
1458        243902.70700
1459        244441.08200
1460        244980.42400
1461        245520.73500
1462        246062.01700
1463        246604.27100
1464        247147.49700
1465        247691.69800
1466        248236.87500
1467        248783.02900
1468        249330.16100
1469        249878.27300
1470        250427.36600
1471        250977.44100
1472        251528.50000
1473        252080.54500
1474        252633.57500
1475        253187.59400
1476        253742.60100
1477        254298.59900
1478        254855.58900
1479        255413.57200
1480        255972.54900
1481        256532.52200
1482        257093.49300
1483        257655.46200
1484        258218.43000
1485        258782.40000
1486        259347.37300
1487        259913.35000
1488        260480.33100
1489        261048.32000
1490        261617.31600
1491        262187.32200
1492        262758.33900
1493        263330.36700
1494        263903.40900
1495        264477.46600
1496        265052.53900
1497        265628.63000
1498        266205.74000
1499        266783.87000
1500        267363.02100
1501        267943.19600
1502        268524.39400
1503        269106.61900
1504        269689.87100
1505        270274.15100
1506        270859.46200
1507        271445.80300
1508        272033.17700
1509        272621.58500
1510        273211.02900
1511        273801.51000
1512        274393.02800
1513        274985.58600
1514        275579.18500
1515        276173.82700
1516        276769.51200
1517        277366.24200
1518        277964.01900
1519        278562.84400
1520        279162.71800
1521        279763.64300
1522        280365.62000
1523        280968.65000
1524        281572.73500
1525        282177.87600
1526        282784.07600
1527        283391.33400
1528        283999.65300
1529        284609.03300
1530        285219.47700
1531        285830.98600
1532        286443.56000
1533        287057.20300
1534        287671.91400
1535        288287.69500
1536        288904.54800
1537        289522.47500
1538        290141.47600
1539        290761.55300
1540        291382.70700
1541        292004.94000
1542        292628.25400
1543        293252.64900
1544        293878.12700
1545        294504.69000
1546        295132.33900
1547        295761.07500
1548        296390.90000
1549        297021.81500
1550        297653.82100
1551        298286.92100
1552        298921.11500
1553        299556.40600
1554        300192.79300
1555        300830.28000
1556        301468.86600
1557        302108.55500
1558        302749.34600
1559        303391.24200
1560        304034.24400
1561        304678.35400
1562        305323.57200
1563        305969.90100
1564        306617.34100
1565        307265.89500
1566        307915.56300
1567        308566.34700
1568        309218.24900
1569        309871.27000
1570        310525.41200
1571        311180.67500
1572        311837.06200
1573        312494.57400
1574        313153.21200
1575        313812.97700
1576        314473.87200
1577        315135.89800
1578        315799.05600
1579        316463.34700
1580        317128.77300
1581        317795.33600
1582        318463.03700
1583        319131.87700
1584        319801.85800
1585        320472.98200
1586        321145.25000
1587        321818.66200
1588        322493.22200
1589        323168.93000
1590        323845.78800
1591        324523.79700
1592        325202.95800
1593        325883.27400
1594        326564.74600
1595        327247.37400
1596        327931.16200
1597        328616.10900
1598        329302.21800
1599        329989.49100
1600        330677.92700
1601        331367.53000
1602        332058.30100
1603        332750.24000
1604        333443.35000
1605        334137.63200
1606        334833.08800
1607        335529.71900
1608        336227.52600
1609        336926.51100
1610        337626.67600
1611        338328.02200
1612        339030.55000
1613        339734.26200
1614        340439.16000
1615        341145.24500
1616        341852.51900
1617        342560.98200
1618        343270.63700
1619        343981.48600
1620        344693.52800
1621        345406.76700
1622        346121.20400
1623        346836.83900
1624        347553.67600
1625        348271.71400
1626        348990.95600
1627        349711.40400
1628        350433.05800
1629        351155.92000
1630        351879.99200
1631        352605.27600
1632        353331.77200
1633        354059.48200
1634        354788.40900
1635        355518.55300
1636        356249.91500
1637        356982.49800
1638        357716.30400
1639        358451.33200
1640        359187.58600
1641        359925.06700
1642        360663.77500
1643        361403.71300
1644        362144.88300
1645        362887.28500
1646        363630.92100
1647        364375.79400
1648        365121.90300
1649        365869.25200
1650        366617.84100
1651        367367.67200
1652        368118.74700
1653        368871.06600
1654        369624.63300
1655        370379.44800
1656        371135.51200
1657        371892.82800
1658        372651.39600
1659        373411.22000
1660        374172.29900
1661        374934.63500
1662        375698.23100
1663        376463.08800
1664        377229.20600
1665        377996.58900
1666        378765.23700
1667        379535.15200
1668        380306.33500
1669        381078.78800
1670        381852.51400
1671        382627.51200
1672        383403.78500
1673        384181.33400
1674        384960.16200
1675        385740.26900
1676        386521.65700
1677        387304.32700
1678        388088.28200
1679        388873.52300
1680        389660.05100
1681        390447.86800
1682        391236.97600
1683        392027.37600
1684        392819.06900
1685        393612.05800
1686        394406.34400
1687        395201.92800
1688        395998.81300
1689        396796.99900
1690        397596.48800
1691        398397.28300
1692        399199.38400
1693        400002.79200
1694        400807.51100
1695        401613.54100
1696        402420.88300
1697        403229.54100
1698        404039.51400
1699        404850.80500
1700        405663.41500
1701        406477.34600
1702        407292.59900
1703        408109.17700
1704        408927.08000
1705        409746.31100
1706        410566.87000
1707        411388.76100
1708        412211.98300
1709        413036.53900
1710        413862.43000
1711        414689.65900
1712        415518.22600
1713        416348.13300
1714        417179.38200
1715        418011.97500
1716        418845.91200
1717        419681.19700
1718        420517.83000
1719        421355.81200
1720        422195.14700
1721        423035.83500
1722        423877.87700
1723        424721.27600
1724        425566.03300
1725        426412.15000
1726        427259.62800
1727        428108.47000
1728        428958.67600
1729        429810.24800
1730        430663.18800
1731        431517.49800
1732        432373.17900
1733        433230.23300
1734        434088.66100
1735        434948.46600
1736        435809.64800
1737        436672.21000
1738        437536.15300
1739        438401.47900
1740        439268.18900
1741        440136.28500
1742        441005.76900
1743        441876.64200
1744        442748.90600
1745        443622.56300
1746        444497.61400
1747        445374.06100
1748        446251.90600
1749        447131.15000
1750        448011.79500
1751        448893.84300
1752        449777.29500
1753        450662.15300
1754        451548.41800
1755        452436.09300
1756        453325.17900
1757        454215.67700
1758        455107.59000
1759        456000.91900
1760        456895.66500
1761        457791.83000
1762        458689.41700
1763        459588.42600
1764        460488.86000
1765        461390.71900
1766        462294.00700
1767        463198.72300
1768        464104.87100
1769        465012.45200
1770        465921.46700
1771        466831.91800
1772        467743.80600
1773        468657.13500
1774        469571.90400
1775        470488.11700
1776        471405.77400
1777        472324.87700
1778        473245.42800
1779        474167.42900
1780        475090.88100
1781        476015.78600
1782        476942.14600
1783        477869.96200
1784        478799.23600
1785        479729.97000
1786        480662.16600
1787        481595.82500
1788        482530.94900
1789        483467.53900
1790        484405.59800
1791        485345.12700
1792        486286.12800
1793        487228.60200
1794        488172.55100
1795        489117.97700
1796        490064.88200
1797        491013.26700
1798        491963.13400
1799        492914.48500
1800        493867.32200
1801        494821.64500
1802        495777.45800
1803        496734.76100
1804        497693.55600
1805        498653.84600
1806        499615.63100
1807        500578.91400
1808        501543.69600
1809        502509.97900
1810        503477.76400
1811        504447.05500
1812        505417.85100
1813        506390.15500
1814        507363.96900
1815        508339.29400
1816        509316.13200
1817        510294.48500
1818        511274.35500
1819        512255.74300
1820        513238.65100
1821        514223.08100
1822        515209.03400
1823        516196.51300
1824        517185.51800
1825        518176.05200
1826        519168.11700
1827        520161.71400
1828        521156.84500
1829        522153.51200
1830        523151.71600
1831        524151.46000
1832        525152.74400
1833        526155.57200
1834        527159.94400
1835        528165.86200
1836        529173.32800
1837        530182.34300
1838        531192.91100
1839        532205.03100
1840        533218.70700
1841        534233.94000
1842        535250.73100
1843        536269.08200
1844        537288.99600
1845        538310.47300
1846        539333.51600
1847        540358.12600
1848        541384.30600
1849        542412.05700
1850        543441.38000
1851        544472.27800
1852        545504.75200
1853        546538.80400
1854        547574.43500
1855        548611.64900
1856        549650.44600
1857        550690.82800
1858        551732.79600
1859        552776.35400
1860        553821.50200
1861        554868.24200
1862        555916.57700
1863        556966.50700
1864        558018.03500
1865        559071.16200
1866        560125.89000
1867        561182.22200
1868        562240.15800
1869        563299.70100
1870        564360.85200
1871        565423.61300
1872        566487.98700
1873        567553.97400
1874        568621.57600
1875        569690.79600
1876        570761.63500
1877        571834.09500
1878        572908.17800
1879        573983.88500
1880        575061.21800
1881        576140.18000
1882        577220.77200
1883        578302.99500
1884        579386.85200
1885        580472.34400
1886        581559.47400
1887        582648.24200
1888        583738.65200
1889        584830.70300
1890        585924.40000
1891        587019.74200
1892        588116.73300
1893        589215.37300
1894        590315.66600
1895        591417.61100
1896        592521.21200
1897        593626.47000
1898        594733.38800
1899        595841.96500
1900        596952.20600
1901        598064.11100
1902        599177.68200
1903        600292.92100
1904        601409.83100
1905        602528.41200
1906        603648.66600
1907        604770.59600
1908        605894.20300
1909        607019.48900
1910        608146.45600
1911        609275.10600
1912        610405.44000
1913        611537.46100
1914        612671.17000
1915        613806.56900
1916        614943.66000
1917        616082.44500
1918        617222.92600
1919        618365.10300
1920        619508.98000
1921        620654.55900
1922        621801.84000
1923        622950.82600
1924        624101.51800
1925        625253.92000
1926        626408.03100
1927        627563.85500
1928        628721.39300
1929        629880.64600
1930        631041.61800
1931        632204.30900
1932        633368.72200
1933        634534.85700
1934        635702.71900
1935        636872.30700
1936        638043.62400
1937        639216.67200
1938        640391.45200
1939        641567.96700
1940        642746.21800
1941        643926.20800
1942        645107.93700
1943        646291.40900
1944        647476.62400
1945        648663.58500
1946        649852.29400
1947        651042.75200
1948        652234.96100
1949        653428.92300
1950        654624.64100
1951        655822.11500
1952        657021.34800
1953        658222.34200
1954        659425.09800
1955        660629.61900
1956        661835.90600
1957        663043.96100
1958        664253.78700
1959        665465.38400
1960        666678.75500
1961        667893.90100
1962        669110.82500
1963        670329.52900
1964        671550.01400
1965        672772.28200
1966        673996.33600
1967        675222.17600
1968        676449.80500
1969        677679.22500
1970        678910.43800
1971        680143.44500
1972        681378.24900
1973        682614.85100
1974        683853.25400
1975        685093.45800
1976        686335.46700
1977        687579.28100
1978        688824.90300
1979        690072.33500
1980        691321.57900
1981        692572.63600
1982        693825.50900
1983        695080.19900
1984        696336.70800
1985        697595.03900
1986        698855.19200
1987        700117.17100
1988        701380.97600
1989        702646.61000
1990        703914.07500
1991        705183.37200
1992        706454.50400
1993        707727.47300
1994        709002.28000
1995        710278.92600
1996        711557.41600
1997        712837.74900
1998        714119.92800
1999        715403.95500
2000        716689.83200
2001        717977.56100
2002        719267.14300
2003        720558.58100
2004        721851.87700
2005        723147.03200
2006        724444.04800
2007        725742.92800
2008        727043.67300
2009        728346.28500
2010        729650.76600
2011        730957.11800
2012        732265.34300
2013        733575.44300
2014        734887.42000
2015        736201.27500
2016        737517.01100
2017        738834.63000
2018        740154.13300
2019        741475.52300
2020        742798.80100
2021        744123.97000
2022        745451.03000
2023        746779.98500
2024        748110.83600
2025        749443.58500
2026        750778.23400
2027        752114.78600
2028        753453.24100
2029        754793.60200
2030        756135.87000
2031        757480.04900
2032        758826.13900
2033        760174.14300
2034        761524.06200
2035        762875.89900
2036        764229.65600
2037        765585.33400
2038        766942.93500
2039        768302.46200
2040        769663.91600
2041        771027.29900
2042        772392.61300
2043        773759.86100
2044        775129.04400
2045        776500.16300
2046        777873.22200
2047        779248.22200
2048        780625.16500
2049        782004.05200
2050        783384.88700
2051        784767.67100
2052        786152.40500
2053        787539.09200
2054        788927.73300
2055        790318.33200
2056        791710.88900
2057        793105.40700
2058        794501.88700
2059        795900.33200
2060        797300.74300
2061        798703.12300
2062        800107.47400
2063        801513.79700
2064        802922.09400
2065        804332.36800
2066        805744.62000
2067        807158.85200
2068        808575.06700
2069        809993.26600
2070        811413.45200
2071        812835.62500
2072        814259.78900
2073        815685.94500
2074        817114.09500
2075        818544.24200
2076        819976.38600
2077        821410.53100
2078        822846.67800
2079        824284.82900
2080        825724.98600
2081        827167.15100
2082        828611.32700
2083        830057.51400
2084        831505.71500
2085        832955.93300
2086        834408.16800
2087        835862.42400
2088        837318.70100
2089        838777.00300
2090        840237.33000
2091        841699.68600
2092        843164.07100
2093        844630.48900
2094        846098.94000
2095        847569.42700
2096        849041.95300
2097        850516.51800
2098        851993.12500
2099        853471.77700
2100        854952.47400
2101        856435.21900
2102        857920.01400
2103        859406.86200
2104        860895.76300
2105        862386.72000
2106        863879.73500
2107        865374.81000
2108        866871.94700
2109        868371.14800
2110        869872.41600
2111        871375.75100
2112        872881.15600
2113        874388.63300
2114        875898.18500
2115        877409.81200
2116        878923.51800
2117        880439.30300
2118        881957.17100
2119        883477.12300
2120        884999.16100
2121        886523.28700
2122        888049.50300
2123        889577.81200
2124        891108.21400
2125        892640.71300
2126        894175.31000
2127        895712.00800
2128        897250.80700
2129        898791.71100
2130        900334.72200
2131        901879.84100
2132        903427.07000
2133        904976.41100
2134        906527.86700
2135        908081.43900
2136        909637.13000
2137        911194.94200
2138        912754.87500
2139        914316.93400
2140        915881.11900
2141        917447.43300
2142        919015.87700
2143        920586.45400
2144        922159.16600
2145        923734.01400
2146        925311.00100
2147        926890.12900
2148        928471.40000
2149        930054.81600
2150        931640.37900
2151        933228.09000
2152        934817.95300
2153        936409.96900
2154        938004.13900
2155        939600.46700
2156        941198.95400
2157        942799.60200
2158        944402.41400
2159        946007.39000
2160        947614.53400
2161        949223.84800
2162        950835.33300
2163        952448.99100
2164        954064.82400
2165        955682.83600
2166        957303.02600
2167        958925.39900
2168        960549.95500
2169        962176.69700
2170        963805.62600
2171        965436.74600
2172        967070.05700
2173        968705.56200
2174        970343.26400
2175        971983.16300
2176        973625.26200
2177        975269.56300
2178        976916.06900
2179        978564.78100
2180        980215.70100
2181        981868.83100
2182        983524.17400
2183        985181.73200
2184        986841.50600
2185        988503.49800
2186        990167.71100
2187        991834.14700
2188        993502.80700
2189        995173.69500
2190        996846.81100
2191        998522.15800
2192       1000199.74000
2193       1001879.55000
2194       1003561.61000
2195       1005245.90000
2196       1006932.43000
2197       1008621.21000
2198       1010312.23000
2199       1012005.50000
2200       1013701.01000
2201       1015398.78000
2202       1017098.81000
2203       1018801.09000
2204       1020505.62000
2205       1022212.42000
2206       1023921.48000
2207       1025632.80000
2208       1027346.39000
2209       1029062.25000
2210       1030780.38000
2211       1032500.78000
2212       1034223.45000
2213       1035948.40000
2214       1037675.63000
2215       1039405.14000
2216       1041136.93000
2217       1042871.01000
2218       1044607.37000
2219       1046346.02000
2220       1048086.97000
2221       1049830.20000
2222       1051575.74000
2223       1053323.56000
2224       1055073.69000
2225       1056826.12000
2226       1058580.86000
2227       1060337.89000
2228       1062097.24000
2229       1063858.90000
2230       1065622.86000
2231       1067389.14000
2232       1069157.74000
2233       1070928.66000
2234       1072701.89000
2235       1074477.45000
2236       1076255.33000
2237       1078035.54000
2238       1079818.08000
2239       1081602.94000
2240       1083390.14000
2241       1085179.68000
2242       1086971.55000
2243       1088765.76000
2244       1090562.31000
2245       1092361.20000
2246       1094162.44000
2247       1095966.03000
2248       1097771.97000
2249       1099580.25000
2250       1101390.89000
2251       1103203.89000
2252       1105019.25000
2253       1106836.96000
2254       1108657.04000
2255       1110479.48000
2256       1112304.28000
2257       1114131.46000
2258       1115961.00000
2259       1117792.92000
2260       1119627.21000
2261       1121463.88000
2262       1123302.92000
2263       1125144.35000
2264       1126988.16000
2265       1128834.36000
2266       1130682.94000
2267       1132533.91000
2268       1134387.27000
2269       1136243.03000
2270       1138101.18000
2271       1139961.73000
2272       1141824.68000
2273       1143690.03000
2274       1145557.78000
2275       1147427.94000
2276       1149300.51000
2277       1151175.49000
2278       1153052.88000
2279       1154932.69000
2280       1156814.91000
2281       1158699.55000
2282       1160586.61000
2283       1162476.10000
2284       1164368.01000
2285       1166262.34000
2286       1168159.11000
2287       1170058.30000
2288       1171959.93000
2289       1173864.00000
2290       1175770.50000
2291       1177679.45000
2292       1179590.83000
2293       1181504.66000
2294       1183420.93000
2295       1185339.66000
2296       1187260.83000
2297       1189184.45000
2298       1191110.53000
2299       1193039.07000
2300       1194970.07000
2301       1196903.52000
2302       1198839.44000
2303       1200777.83000
2304       1202718.68000
2305       1204662.00000
2306       1206607.79000
2307       1208556.05000
2308       1210506.80000
2309       1212460.01000
2310       1214415.71000
2311       1216373.89000
2312       1218334.56000
2313       1220297.71000
2314       1222263.35000
2315       1224231.48000
2316       1226202.10000
2317       1228175.22000
2318       1230150.83000
2319       1232128.95000
2320       1234109.56000
2321       1236092.68000
2322       1238078.30000
2323       1240066.43000
2324       1242057.07000
2325       1244050.22000
2326       1246045.89000
2327       1248044.07000
2328       1250044.77000
2329       1252047.99000
2330       1254053.73000
2331       1256061.99000
2332       1258072.78000
2333       1260086.11000
2334       1262101.96000
2335       1264120.34000
2336       1266141.26000
2337       1268164.72000
2338       1270190.72000
2339       1272219.25000
2340       1274250.34000
2341       1276283.96000
2342       1278320.14000
2343       1280358.86000
2344       1282400.14000
2345       1284443.97000
2346       1286490.36000
2347       1288539.30000
2348       1290590.81000
2349       1292644.88000
2350       1294701.51000
2351       1296760.71000
2352       1298822.48000
2353       1300886.83000
2354       1302953.74000
2355       1305023.23000
2356       1307095.30000
2357       1309169.95000
2358       1311247.18000
2359       1313326.99000
2360       1315409.39000
2361       1317494.38000
2362       1319581.96000
2363       1321672.13000
2364       1323764.89000
2365       1325860.25000
2366       1327958.22000
2367       1330058.78000
2368       1332161.94000
2369       1334267.71000
2370       1336376.09000
2371       1338487.08000
2372       1340600.68000
2373       1342716.90000
2374       1344835.73000
2375       1346957.17000
2376       1349081.24000
2377       1351207.93000
2378       1353337.25000
2379       1355469.19000
2380       1357603.76000
2381       1359740.96000
2382       1361880.80000
2383       1364023.27000
2384       1366168.38000
2385       1368316.13000
2386       1370466.51000
2387       1372619.55000
2388       1374775.23000
2389       1376933.55000
2390       1379094.53000
2391       1381258.16000
2392       1383424.44000
2393       1385593.39000
2394       1387764.98000
2395       1389939.25000
2396       1392116.17000
2397       1394295.76000
2398       1396478.01000
2399       1398662.94000
2400       1400850.54000
2401       1403040.81000
2402       1405233.76000
2403       1407429.38000
2404       1409627.69000
2405       1411828.67000
2406       1414032.35000
2407       1416238.71000
2408       1418447.75000
2409       1420659.49000
2410       1422873.92000
2411       1425091.05000
2412       1427310.87000
2413       1429533.40000
2414       1431758.62000
2415       1433986.55000
2416       1436217.19000
2417       1438450.53000
2418       1440686.58000
2419       1442925.35000
2420       1445166.83000
2421       1447411.03000
2422       1449657.94000
2423       1451907.58000
2424       1454159.94000
2425       1456415.02000
2426       1458672.84000
2427       1460933.38000
2428       1463196.65000
2429       1465462.66000
2430       1467731.40000
2431       1470002.88000
2432       1472277.10000
2433       1474554.07000
2434       1476833.78000
2435       1479116.23000
2436       1481401.43000
2437       1483689.39000
2438       1485980.10000
2439       1488273.56000
2440       1490569.78000
2441       1492868.76000
2442       1495170.50000
2443       1497475.01000
2444       1499782.28000
2445       1502092.32000
2446       1504405.13000
2447       1506720.71000
2448       1509039.07000
2449       1511360.20000
2450       1513684.11000
2451       1516010.81000
2452       1518340.28000
2453       1520672.55000
2454       1523007.60000
2455       1525345.43000
2456       1527686.07000
2457       1530029.49000
2458       1532375.71000
2459       1534724.73000
2460       1537076.55000
2461       1539431.17000
2462       1541788.60000
2463       1544148.83000
2464       1546511.87000
2465       1548877.72000
2466       1551246.39000
2467       1553617.87000
2468       1555992.17000
2469       1558369.29000
2470       1560749.23000
2471       1563132.00000
2472       1565517.59000
2473       1567906.00000
2474       1570297.25000
2475       1572691.34000
2476       1575088.25000
2477       1577488.01000
2478       1579890.60000
2479       1582296.03000
2480       1584704.31000
2481       1587115.43000
2482       1589529.40000
2483       1591946.22000
2484       1594365.89000
2485       1596788.42000
2486       1599213.80000
2487       1601642.04000
2488       1604073.14000
2489       1606507.10000
2490       1608943.93000
2491       1611383.62000
2492       1613826.19000
2493       1616271.62000
2494       1618719.93000
2495       1621171.11000
2496       1623625.17000
2497       1626082.11000
2498       1628541.94000
2499       1631004.64000
2500       1633470.24000
2501       1635938.72000
2502       1638410.09000
2503       1640884.35000
2504       1643361.51000
2505       1645841.57000
2506       1648324.53000
2507       1650810.38000
2508       1653299.14000
2509       1655790.81000
2510       1658285.38000
2511       1660782.87000
2512       1663283.26000
2513       1665786.57000
2514       1668292.80000
2515       1670801.94000
2516       1673314.00000
2517       1675828.99000
2518       1678346.90000
2519       1680867.74000
2520       1683391.51000
2521       1685918.21000
2522       1688447.84000
2523       1690980.41000
2524       1693515.92000
2525       1696054.37000
2526       1698595.75000
2527       1701140.09000
2528       1703687.36000
2529       1706237.59000
2530       1708790.77000
2531       1711346.90000
2532       1713905.99000
2533       1716468.03000
2534       1719033.03000
2535       1721600.99000
2536       1724171.92000
2537       1726745.81000
2538       1729322.67000
2539       1731902.50000
2540       1734485.30000
2541       1737071.08000
2542       1739659.83000
2543       1742251.56000
2544       1744846.27000
2545       1747443.97000
2546       1750044.64000
2547       1752648.31000
2548       1755254.97000
2549       1757864.61000
2550       1760477.25000
2551       1763092.89000
2552       1765711.52000
2553       1768333.15000
2554       1770957.79000
2555       1773585.43000
2556       1776216.07000
2557       1778849.73000
2558       1781486.39000
2559       1784126.07000
2560       1786768.76000
2561       1789414.47000
2562       1792063.20000
2563       1794714.95000
2564       1797369.72000
2565       1800027.52000
2566       1802688.35000
2567       1805352.20000
2568       1808019.09000
2569       1810689.01000
2570       1813361.97000
2571       1816037.97000
2572       1818717.01000
2573       1821399.09000
2574       1824084.21000
2575       1826772.38000
2576       1829463.61000
2577       1832157.88000
2578       1834855.20000
2579       1837555.58000
2580       1840259.02000
2581       1842965.52000
2582       1845675.08000
2583       1848387.71000
2584       1851103.40000
2585       1853822.16000
2586       1856543.99000
2587       1859268.89000
2588       1861996.86000
2589       1864727.92000
2590       1867462.05000
2591       1870199.26000
2592       1872939.56000
2593       1875682.94000
2594       1878429.41000
2595       1881178.97000
2596       1883931.62000
2597       1886687.37000
2598       1889446.21000
2599       1892208.15000
2600       1894973.19000
2601       1897741.33000
2602       1900512.58000
2603       1903286.93000
2604       1906064.40000
2605       1908844.97000
2606       1911628.65000
2607       1914415.46000
2608       1917205.38000
2609       1919998.41000
2610       1922794.57000
2611       1925593.86000
2612       1928396.27000
2613       1931201.80000
2614       1934010.47000
2615       1936822.27000
2616       1939637.21000
2617       1942455.28000
2618       1945276.49000
2619       1948100.84000
2620       1950928.33000
2621       1953758.97000
2622       1956592.75000
2623       1959429.69000
2624       1962269.78000
2625       1965113.01000
2626       1967959.41000
2627       1970808.96000
2628       1973661.68000
2629       1976517.55000
2630       1979376.59000
2631       1982238.79000
2632       1985104.17000
2633       1987972.71000
2634       1990844.43000
2635       1993719.32000
2636       1996597.39000
2637       1999478.64000
2638       2002363.06000
2639       2005250.67000
2640       2008141.47000
2641       2011035.46000
2642       2013932.63000
2643       2016833.00000
2644       2019736.55000
2645       2022643.31000
2646       2025553.26000
2647       2028466.42000
2648       2031382.77000
2649       2034302.33000
2650       2037225.10000
2651       2040151.07000
2652       2043080.26000
2653       2046012.66000
2654       2048948.27000
2655       2051887.10000
2656       2054829.15000
2657       2057774.43000
2658       2060722.92000
2659       2063674.64000
2660       2066629.59000
2661       2069587.77000
2662       2072549.18000
2663       2075513.82000
2664       2078481.70000
2665       2081452.82000
2666       2084427.18000
2667       2087404.78000
2668       2090385.62000
2669       2093369.71000
2670       2096357.06000
2671       2099347.65000
2672       2102341.49000
2673       2105338.59000
2674       2108338.95000
2675       2111342.56000
2676       2114349.44000
2677       2117359.58000
2678       2120372.99000
2679       2123389.66000
2680       2126409.61000
2681       2129432.82000
2682       2132459.31000
2683       2135489.08000
2684       2138522.12000
2685       2141558.45000
2686       2144598.05000
2687       2147640.95000
2688       2150687.12000
2689       2153736.59000
2690       2156789.35000
2691       2159845.40000
2692       2162904.75000
2693       2165967.39000
2694       2169033.33000
2695       2172102.57000
2696       2175175.12000
2697       2178250.97000
2698       2181330.13000
2699       2184412.60000
2700       2187498.38000
2701       2190587.48000
2702       2193679.89000
2703       2196775.62000
2704       2199874.67000
2705       2202977.04000
2706       2206082.74000
2707       2209191.76000
2708       2212304.11000
2709       2215419.79000
2710       2218538.81000
2711       2221661.16000
2712       2224786.84000
2713       2227915.87000
2714       2231048.23000
2715       2234183.94000
2716       2237323.00000
2717       2240465.40000
2718       2243611.15000
2719       2246760.25000
2720       2249912.71000
2721       2253068.52000
2722       2256227.69000
2723       2259390.22000
2724       2262556.12000
2725       2265725.37000
2726       2268897.99000
2727       2272073.98000
2728       2275253.34000
2729       2278436.08000
2730       2281622.18000
2731       2284811.67000
2732       2288004.53000
2733       2291200.77000
2734       2294400.40000
2735       2297603.41000
2736       2300809.81000
2737       2304019.59000
2738       2307232.77000
2739       2310449.34000
2740       2313669.31000
2741       2316892.67000
2742       2320119.43000
2743       2323349.60000
2744       2326583.16000
2745       2329820.14000
2746       2333060.52000
2747       2336304.31000
2748       2339551.51000
2749       2342802.12000
2750       2346056.16000
2751       2349313.61000
2752       2352574.48000
2753       2355838.77000
2754       2359106.48000
2755       2362377.63000
2756       2365652.20000
2757       2368930.20000
2758       2372211.63000
2759       2375496.50000
2760       2378784.80000
2761       2382076.55000
2762       2385371.73000
2763       2388670.36000
2764       2391972.43000
2765       2395277.95000
2766       2398586.92000
2767       2401899.33000
2768       2405215.21000
2769       2408534.53000
2770       2411857.32000
2771       2415183.56000
2772       2418513.26000
2773       2421846.43000
2774       2425183.06000
2775       2428523.16000
2776       2431866.73000
2777       2435213.78000
2778       2438564.29000
2779       2441918.28000
2780       2445275.75000
2781       2448636.70000
2782       2452001.13000
2783       2455369.04000
2784       2458740.44000
2785       2462115.33000
2786       2465493.71000
2787       2468875.58000
2788       2472260.95000
2789       2475649.81000
2790       2479042.17000
2791       2482438.02000
2792       2485837.39000
2793       2489240.25000
2794       2492646.62000
2795       2496056.50000
2796       2499469.89000
2797       2502886.80000
2798       2506307.22000
2799       2509731.15000
2800       2513158.60000
2801       2516589.58000
2802       2520024.07000
2803       2523462.10000
2804       2526903.64000
2805       2530348.72000
2806       2533797.33000
2807       2537249.47000
2808       2540705.14000
2809       2544164.36000
2810       2547627.11000
2811       2551093.40000
2812       2554563.24000
2813       2558036.62000
2814       2561513.55000
2815       2564994.02000
2816       2568478.05000
2817       2571965.63000
2818       2575456.77000
2819       2578951.46000
2820       2582449.71000
2821       2585951.53000
2822       2589456.91000
2823       2592965.85000
2824       2596478.36000
2825       2599994.44000
2826       2603514.09000
2827       2607037.32000
2828       2610564.12000
2829       2614094.49000
2830       2617628.45000
2831       2621165.99000
2832       2624707.11000
2833       2628251.82000
2834       2631800.11000
2835       2635352.00000
2836       2638907.47000
2837       2642466.54000
2838       2646029.21000
2839       2649595.47000
2840       2653165.33000
2841       2656738.80000
2842       2660315.87000
2843       2663896.54000
2844       2667480.82000
2845       2671068.71000
2846       2674660.21000
2847       2678255.33000
2848       2681854.06000
2849       2685456.41000
2850       2689062.38000
2851       2692671.97000
2852       2696285.19000
2853       2699902.03000
2854       2703522.49000
2855       2707146.59000
2856       2710774.32000
2857       2714405.68000
2858       2718040.68000
2859       2721679.32000
2860       2725321.60000
2861       2728967.51000
2862       2732617.07000
2863       2736270.28000
2864       2739927.14000
2865       2743587.64000
2866       2747251.80000
2867       2750919.61000
2868       2754591.07000
2869       2758266.20000
2870       2761944.98000
2871       2765627.42000
2872       2769313.53000
2873       2773003.30000
2874       2776696.75000
2875       2780393.86000
2876       2784094.64000
2877       2787799.09000
2878       2791507.22000
2879       2795219.03000
2880       2798934.52000
2881       2802653.69000
2882       2806376.54000
2883       2810103.08000
2884       2813833.31000
2885       2817567.22000
2886       2821304.83000
2887       2825046.13000
2888       2828791.12000
2889       2832539.81000
2890       2836292.21000
2891       2840048.30000
2892       2843808.09000
2893       2847571.59000
2894       2851338.80000
2895       2855109.72000
2896       2858884.35000
2897       2862662.69000
2898       2866444.74000
2899       2870230.52000
2900       2874020.01000
2901       2877813.22000
2902       2881610.15000
2903       2885410.81000
2904       2889215.20000
2905       2893023.32000
2906       2896835.16000
2907       2900650.74000
2908       2904470.05000
2909       2908293.10000
2910       2912119.89000
2911       2915950.42000
2912       2919784.69000
2913       2923622.71000
2914       2927464.47000
2915       2931309.98000
2916       2935159.24000
2917       2939012.25000
2918       2942869.02000
2919       2946729.54000
2920       2950593.82000
2921       2954461.86000
2922       2958333.66000
2923       2962209.23000
2924       2966088.56000
2925       2969971.66000
2926       2973858.53000
2927       2977749.17000
2928       2981643.58000
2929       2985541.77000
2930       2989443.74000
2931       2993349.49000
2932       2997259.02000
2933       3001172.33000
2934       3005089.42000
2935       3009010.31000
2936       3012934.98000
2937       3016863.44000
2938       3020795.70000
2939       3024731.75000
2940       3028671.60000
2941       3032615.24000
2942       3036562.69000
2943       3040513.94000
2944       3044468.99000
2945       3048427.85000
2946       3052390.52000
2947       3056357.00000
2948       3060327.29000
2949       3064301.40000
2950       3068279.32000
2951       3072261.06000
2952       3076246.62000
2953       3080236.00000
2954       3084229.20000
2955       3088226.23000
2956       3092227.09000
2957       3096231.77000
2958       3100240.29000
2959       3104252.64000
2960       3108268.83000
2961       3112288.85000
2962       3116312.72000
2963       3120340.42000
2964       3124371.97000
2965       3128407.36000
2966       3132446.59000
2967       3136489.68000
2968       3140536.62000
2969       3144587.40000
2970       3148642.05000
2971       3152700.55000
2972       3156762.90000
2973       3160829.12000
2974       3164899.20000
2975       3168973.14000
2976       3173050.95000
2977       3177132.62000
2978       3181218.17000
2979       3185307.58000
2980       3189400.87000
2981       3193498.04000
2982       3197599.08000
2983       3201704.00000
2984       3205812.80000
2985       3209925.48000
2986       3214042.05000
2987       3218162.50000
2988       3222286.84000
2989       3226415.08000
2990       3230547.20000
2991       3234683.22000
2992       3238823.13000
2993       3242966.95000
2994       3247114.66000
2995       3251266.27000
2996       3255421.79000
2997       3259581.21000
2998       3263744.54000
2999       3267911.77000
3000       3272082.92000
3001       3276257.98000
3002       3280436.96000
3003       3284619.85000
3004       3288806.66000
3005       3292997.39000
3006       3297192.04000
3007       3301390.62000
3008       3305593.12000
3009       3309799.55000
3010       3314009.91000
3011       3318224.20000
3012       3322442.42000
3013       3326664.58000
3014       3330890.68000
3015       3335120.71000
3016       3339354.69000
3017       3343592.60000
3018       3347834.47000
3019       3352080.27000
3020       3356330.03000
3021       3360583.73000
3022       3364841.39000
3023       3369103.00000
3024       3373368.57000
3025       3377638.09000
3026       3381911.58000
3027       3386189.02000
3028       3390470.43000
3029       3394755.80000
3030       3399045.14000
3031       3403338.44000
3032       3407635.72000
3033       3411936.97000
3034       3416242.19000
3035       3420551.39000
3036       3424864.57000
3037       3429181.72000
3038       3433502.86000
3039       3437827.98000
3040       3442157.08000
3041       3446490.17000
3042       3450827.25000
3043       3455168.32000
3044       3459513.38000
3045       3463862.44000
3046       3468215.49000
3047       3472572.54000
3048       3476933.59000
3049       3481298.64000
3050       3485667.69000
3051       3490040.75000
3052       3494417.82000
3053       3498798.89000
3054       3503183.98000
3055       3507573.07000
3056       3511966.18000
3057       3516363.31000
3058       3520764.45000
3059       3525169.62000
3060       3529578.80000
3061       3533992.01000
3062       3538409.24000
3063       3542830.50000
3064       3547255.79000
3065       3551685.11000
3066       3556118.46000
3067       3560555.85000
3068       3564997.27000
3069       3569442.72000
3070       3573892.22000
3071       3578345.76000
3072       3582803.34000
3073       3587264.97000
3074       3591730.64000
3075       3596200.36000
3076       3600674.13000
3077       3605151.95000
3078       3609633.83000
3079       3614119.76000
3080       3618609.75000
3081       3623103.80000
3082       3627601.91000
3083       3632104.08000
3084       3636610.32000
3085       3641120.62000
3086       3645634.99000
3087       3650153.43000
3088       3654675.94000
3089       3659202.53000
3090       3663733.19000
3091       3668267.93000
3092       3672806.74000
3093       3677349.64000
3094       3681896.62000
3095       3686447.68000
3096       3691002.83000
3097       3695562.06000
3098       3700125.39000
3099       3704692.80000
3100       3709264.31000
3101       3713839.92000
3102       3718419.62000
3103       3723003.41000
3104       3727591.31000
3105       3732183.31000
3106       3736779.41000
3107       3741379.62000
3108       3745983.94000
3109       3750592.36000
3110       3755204.89000
3111       3759821.54000
3112       3764442.30000
3113       3769067.18000
3114       3773696.17000
3115       3778329.28000
3116       3782966.51000
3117       3787607.87000
3118       3792253.35000
3119       3796902.96000
3120       3801556.69000
3121       3806214.56000
3122       3810876.55000
3123       3815542.68000
3124       3820212.94000
3125       3824887.35000
3126       3829565.88000
3127       3834248.56000
3128       3838935.38000
3129       3843626.35000
3130       3848321.46000
3131       3853020.71000
3132       3857724.12000
3133       3862431.67000
3134       3867143.38000
3135       3871859.24000
3136       3876579.26000
3137       3881303.44000
3138       3886031.77000
3139       3890764.26000
3140       3895500.92000
3141       3900241.74000
3142       3904986.73000
3143       3909735.89000
3144       3914489.21000
3145       3919246.71000
3146       3924008.37000
3147       3928774.22000
3148       3933544.24000
3149       3938318.43000
3150       3943096.81000
3151       3947879.37000
3152       3952666.11000
3153       3957457.04000
3154       3962252.15000
3155       3967051.45000
3156       3971854.94000
3157       3976662.63000
3158       3981474.50000
3159       3986290.57000
3160       3991110.84000
3161       3995935.31000
3162       4000763.97000
3163       4005596.84000
3164       4010433.91000
3165       4015275.19000
3166       4020120.67000
3167       4024970.37000
3168       4029824.27000
3169       4034682.38000
3170       4039544.71000
3171       4044411.25000
3172       4049282.01000
3173       4054156.99000
3174       4059036.19000
3175       4063919.61000
3176       4068807.26000
3177       4073699.13000
3178       4078595.23000
3179       4083495.55000
3180       4088400.11000
3181       4093308.90000
3182       4098221.92000
3183       4103139.18000
3184       4108060.67000
3185       4112986.41000
3186       4117916.38000
3187       4122850.60000
3188       4127789.06000
3189       4132731.76000
3190       4137678.71000
3191       4142629.91000
3192       4147585.37000
3193       4152545.07000
3194       4157509.03000
3195       4162477.24000
3196       4167449.71000
3197       4172426.44000
3198       4177407.42000
3199       4182392.67000
3200       4187382.19000
3201       4192375.97000
3202       4197374.01000
3203       4202376.33000
3204       4207382.91000
3205       4212393.77000
3206       4217408.90000
3207       4222428.30000
3208       4227451.99000
3209       4232479.95000
3210       4237512.19000
3211       4242548.71000
3212       4247589.51000
3213       4252634.60000
3214       4257683.98000
3215       4262737.65000
3216       4267795.60000
3217       4272857.85000
3218       4277924.39000
3219       4282995.22000
3220       4288070.35000
3221       4293149.78000
3222       4298233.50000
3223       4303321.53000
3224       4308413.86000
3225       4313510.50000
3226       4318611.44000
3227       4323716.69000
3228       4328826.25000
3229       4333940.12000
3230       4339058.30000
3231       4344180.80000
3232       4349307.61000
3233       4354438.74000
3234       4359574.19000
3235       4364713.96000
3236       4369858.05000
3237       4375006.46000
3238       4380159.20000
3239       4385316.27000
3240       4390477.66000
3241       4395643.39000
3242       4400813.44000
3243       4405987.83000
3244       4411166.56000
3245       4416349.62000
3246       4421537.02000
3247       4426728.76000
3248       4431924.84000
3249       4437125.26000
3250       4442330.03000
3251       4447539.14000
3252       4452752.60000
3253       4457970.41000
3254       4463192.57000
3255       4468419.09000
3256       4473649.95000
3257       4478885.18000
3258       4484124.76000
3259       4489368.70000
3260       4494616.99000
3261       4499869.65000
3262       4505126.68000
3263       4510388.07000
3264       4515653.82000
3265       4520923.94000
3266       4526198.44000
3267       4531477.30000
3268       4536760.54000
3269       4542048.15000
3270       4547340.13000
3271       4552636.50000
3272       4557937.24000
3273       4563242.36000
3274       4568551.87000
3275       4573865.76000
3276       4579184.03000
3277       4584506.69000
3278       4589833.74000
3279       4595165.18000
3280       4600501.01000
3281       4605841.24000
3282       4611185.85000
3283       4616534.87000
3284       4621888.28000
3285       4627246.09000
3286       4632608.30000
3287       4637974.91000
3288       4643345.93000
3289       4648721.35000
3290       4654101.18000
3291       4659485.42000
3292       4664874.06000
3293       4670267.12000
3294       4675664.59000
3295       4681066.48000
3296       4686472.78000
3297       4691883.50000
3298       4697298.64000
3299       4702718.19000
3300       4708142.17000
3301       4713570.58000
3302       4719003.41000
3303       4724440.66000
3304       4729882.35000
3305       4735328.46000
3306       4740779.00000
3307       4746233.98000
3308       4751693.39000
3309       4757157.24000
3310       4762625.52000
3311       4768098.24000
3312       4773575.40000
3313       4779057.01000
3314       4784543.06000
3315       4790033.55000
3316       4795528.49000
3317       4801027.87000
3318       4806531.71000
3319       4812039.99000
3320       4817552.73000
3321       4823069.92000
3322       4828591.57000
3323       4834117.67000
3324       4839648.23000
3325       4845183.25000
3326       4850722.73000
3327       4856266.67000
3328       4861815.08000
3329       4867367.96000
3330       4872925.30000
3331       4878487.10000
3332       4884053.38000
3333       4889624.13000
3334       4895199.36000
3335       4900779.05000
3336       4906363.23000
3337       4911951.88000
3338       4917545.01000
3339       4923142.62000
3340       4928744.71000
3341       4934351.28000
3342       4939962.34000
3343       4945577.89000
3344       4951197.92000
3345       4956822.44000
3346       4962451.45000
3347       4968084.96000
3348       4973722.95000
3349       4979365.45000
3350       4985012.43000
3351       4990663.92000
3352       4996319.91000
3353       5001980.39000
3354       5007645.38000
3355       5013314.87000
3356       5018988.87000
3357       5024667.37000
3358       5030350.38000
3359       5036037.90000
3360       5041729.93000
3361       5047426.48000
3362       5053127.53000
3363       5058833.10000
3364       5064543.19000
3365       5070257.80000
3366       5075976.92000
3367       5081700.57000
3368       5087428.74000
3369       5093161.43000
3370       5098898.65000
3371       5104640.39000
3372       5110386.66000
3373       5116137.46000
3374       5121892.80000
3375       5127652.66000
3376       5133417.06000
3377       5139185.99000
3378       5144959.46000
3379       5150737.46000
3380       5156520.01000
3381       5162307.09000
3382       5168098.72000
3383       5173894.89000
3384       5179695.61000
3385       5185500.87000
3386       5191310.68000
3387       5197125.04000
3388       5202943.95000
3389       5208767.41000
3390       5214595.43000
3391       5220428.00000
3392       5226265.13000
3393       5232106.81000
3394       5237953.05000
3395       5243803.85000
3396       5249659.22000
3397       5255519.14000
3398       5261383.63000
3399       5267252.69000
3400       5273126.32000
3401       5279004.51000
3402       5284887.27000
3403       5290774.60000
3404       5296666.51000
3405       5302562.99000
3406       5308464.05000
3407       5314369.68000
3408       5320279.89000
3409       5326194.68000
3410       5332114.05000
3411       5338038.01000
3412       5343966.54000
3413       5349899.67000
3414       5355837.37000
3415       5361779.67000
3416       5367726.56000
3417       5373678.03000
3418       5379634.10000
3419       5385594.76000
3420       5391560.02000
3421       5397529.87000
3422       5403504.32000
3423       5409483.36000
3424       5415467.01000
3425       5421455.26000
3426       5427448.11000
3427       5433445.56000
3428       5439447.63000
3429       5445454.29000
3430       5451465.57000
3431       5457481.45000
3432       5463501.95000
3433       5469527.05000
3434       5475556.77000
3435       5481591.11000
3436       5487630.06000
3437       5493673.63000
3438       5499721.81000
3439       5505774.62000
3440       5511832.05000
3441       5517894.10000
3442       5523960.78000
3443       5530032.08000
3444       5536108.00000
3445       5542188.56000
3446       5548273.74000
3447       5554363.56000
3448       5560458.00000
3449       5566557.08000
3450       5572660.80000
3451       5578769.15000
3452       5584882.14000
3453       5590999.76000
3454       5597122.03000
3455       5603248.94000
3456       5609380.48000
3457       5615516.68000
3458       5621657.51000
3459       5627803.00000
3460       5633953.13000
3461       5640107.91000
3462       5646267.34000
3463       5652431.42000
3464       5658600.16000
3465       5664773.55000
3466       5670951.59000
3467       5677134.29000
3468       5683321.65000
3469       5689513.67000
3470       5695710.35000
3471       5701911.69000
3472       5708117.69000
3473       5714328.36000
3474       5720543.69000
3475       5726763.69000
3476       5732988.36000
3477       5739217.70000
3478       5745451.71000
3479       5751690.39000
3480       5757933.74000
3481       5764181.77000
3482       5770434.48000
3483       5776691.86000
3484       5782953.92000
3485       5789220.66000
3486       5795492.08000
3487       5801768.18000
3488       5808048.96000
3489       5814334.43000
3490       5820624.59000
3491       5826919.43000
3492       5833218.96000
3493       5839523.19000
3494       5845832.10000
3495       5852145.70000
3496       5858464.00000
3497       5864786.99000
3498       5871114.68000
3499       5877447.07000
3500       5883784.15000