   1            13.91189
   2            25.47472
   3            37.12099
   4            48.78641
   5            60.45927
   6            72.13579
   7            83.81439
   8            95.49430
   9           107.17508
  10           118.85649
  11           130.53835
  12           142.22055
  13           153.90304
  14           165.58574
  15           177.26863
  16           188.95167
  17           200.63485
  18           212.31814
  19           224.00153
  20           235.68501
  21           247.36857
  22           259.05221
  23           270.73591
  24           282.41967
  25           294.10350
  26           305.78738
  27           317.47131
  28           329.15530
  29           340.83933
  30           352.52340
  31           364.20752
  32           375.89168
  33           387.57589
  34           399.26013
  35           410.94441
  36           422.62874
  37           434.31309
  38           445.99749
  39           457.68192
  40           469.36639
  41           481.05089
  42           492.73543
  43           504.41999
  44           516.10460
  45           527.78924
  46           539.47391
  47           551.15861
  48           562.84335
  49           574.52812
  50           586.21292
  51           597.89776
  52           609.58262
  53           621.26752
  54           632.95246
  55           644.63743
  56           656.32243
  57           668.00747
  58           679.69255
  59           691.37767
  60           703.06283
  61           714.74803
  62           726.43327
  63           738.11857
  64           749.80393
  65           761.48934
  66           773.17481
  67           784.86036
  68           796.54598
  69           808.23170
  70           819.91751
  71           831.60343
  72           843.28947
  73           854.97564
  74           866.66197
  75           878.34847
  76           890.03515
  77           901.72204
  78           913.40917
  79           925.09655
  80           936.78422
  81           948.47220
  82           960.16054
  83           971.84926
  84           983.53841
  85           995.22802
  86          1006.91815
  87          1018.60883
  88          1030.30013
  89          1041.99209
  90          1053.68477
  91          1065.37823
  92          1077.07255
  93          1088.76779
  94          1100.46401
  95          1112.16130
  96          1123.85975
  97          1135.55942
  98          1147.26042
  99          1158.96283
 100          1170.66675
 101          1182.37228
 102          1194.07952
 103          1205.78860
 104          1217.49961
 105          1229.21267
 106          1240.92792
 107          1252.64547
 108          1264.36545
 109          1276.08800
 110          1287.81326
 111          1299.54136
 112          1311.27247
 113          1323.00672
 114          1334.74427
 115          1346.48529
 116          1358.22993
 117          1369.97836
 118          1381.73076
 119          1393.48729
 120          1405.24814
 121          1417.01349
 122          1428.78352
 123          1440.55842
 124          1452.33839
 125          1464.12362
 126          1475.91431
 127          1487.71067
 128          1499.51290
 129          1511.32121
 130          1523.13581
 131          1534.95691
 132          1546.78475
 133          1558.61953
 134          1570.46148
 135          1582.31083
 136          1594.16781
 137          1606.03264
 138          1617.90557
 139          1629.78682
 140          1641.67664
 141          1653.57526
 142          1665.48293
 143          1677.39990
 144          1689.32640
 145          1701.26269
 146          1713.20902
 147          1725.16564
 148          1737.13280
 149          1749.11075
 150          1761.09976
 151          1773.10008
 152          1785.11197
 153          1797.13568
 154          1809.17149
 155          1821.21964
 156          1833.28041
 157          1845.35406
 158          1857.44085
 159          1869.54105
 160          1881.65492
 161          1893.78273
 162          1905.92475
 163          1918.08124
 164          1930.25248
 165          1942.43873
 166          1954.64026
 167          1966.85735
 168          1979.09025
 169          1991.33925
 170          2003.60460
 171          2015.88659
 172          2028.18548
 173          2040.50154
 174          2052.83503
 175          2065.18624
 176          2077.55544
 177          2089.94288
 178          2102.34884
 179          2114.77359
 180          2127.21740
 181          2139.68054
 182          2152.16327
 183          2164.66586
 184          2177.18859
 185          2189.73171
 186          2202.29550
 187          2214.88022
 188          2227.48614
 189          2240.11352
 190          2252.76262
 191          2265.43372
 192          2278.12707
 193          2290.84293
 194          2303.58158
 195          2316.34327
 196          2329.12826
 197          2341.93680
 198          2354.76918
 199          2367.62563
 200          2380.50641
 201          2393.41180
 202          2406.34203
 203          2419.29737
 204          2432.27808
 205          2445.28440
 206          2458.31659
 207          2471.37490
 208          2484.45959
 209          2497.57090
 210          2510.70909
 211          2523.87440
 212          2537.06708
 213          2550.28739
 214          2563.53556
 215          2576.81185
 216          2590.11649
 217          2603.44973
 218          2616.81182
 219          2630.20300
 220          2643.62351
 221          2657.07359
 222          2670.55348
 223          2684.06342
 224          2697.60364
 225          2711.17440
 226          2724.77591
 227          2738.40842
 228          2752.07216
 229          2765.76737
 230          2779.49428
 231          2793.25311
 232          2807.04412
 233          2820.86751
 234          2834.72353
 235          2848.61240
 236          2862.53435
 237          2876.48961
 238          2890.47840
 239          2904.50095
 240          2918.55749
 241          2932.64824
 242          2946.77342
 243          2960.93325
 244          2975.12796
 245          2989.35777
 246          3003.62290
 247          3017.92356
 248          3032.25998
 249          3046.63237
 250          3061.04096
 251          3075.48595
 252          3089.96757
 253          3104.48603
 254          3119.04154
 255          3133.63432
 256          3148.26458
 257          3162.93253
 258          3177.63838
 259          3192.38235
 260          3207.16465
 261          3221.98548
 262          3236.84505
 263          3251.74358
 264          3266.68127
 265          3281.65832
 266          3296.67495
 267          3311.73136
 268          3326.82775
 269          3341.96434
 270          3357.14131
 271          3372.35889
 272          3387.61726
 273          3402.91664
 274          3418.25722
 275          3433.63920
 276          3449.06279
 277          3464.52819
 278          3480.03560
 279          3495.58521
 280          3511.17722
 281          3526.81183
 282          3542.48925
 283          3558.20966
 284          3573.97327
 285          3589.78026
 286          3605.63084
 287          3621.52520
 288          3637.46353
 289          3653.44604
 290          3669.47291
 291          3685.54433
 292          3701.66051
 293          3717.82163
 294          3734.02788
 295          3750.27946
 296          3766.57655
 297          3782.91936
 298          3799.30807
 299          3815.74286
 300          3832.22394
 301          3848.75149
 302          3865.32569
 303          3881.94674
 304          3898.61483
 305          3915.33014
 306          3932.09287
 307          3948.90319
 308          3965.76131
 309          3982.66739
 310          3999.62164
 311          4016.62423
 312          4033.67535
 313          4050.77520
 314          4067.92395
 315          4085.12178
 316          4102.36890
 317          4119.66547
 318          4137.01168
 319          4154.40772
 320          4171.85377
 321          4189.35002
 322          4206.89664
 323          4224.49383
 324          4242.14176
 325          4259.84062
 326          4277.59059
 327          4295.39185
 328          4313.24459
 329          4331.14899
 330          4349.10522
 331          4367.11347
 332          4385.17392
 333          4403.28676
 334          4421.45216
 335          4439.67031
 336          4457.94138
 337          4476.26556
 338          4494.64303
 339          4513.07396
 340          4531.55854
 341          4550.09695
 342          4568.68937
 343          4587.33598
 344          4606.03695
 345          4624.79247
 346          4643.60272
 347          4662.46787
 348          4681.38811
 349          4700.36362
 350          4719.39456
 351          4738.48114
 352          4757.62351
 353          4776.82186
 354          4796.07638
 355          4815.38723
 356          4834.75460
 357          4854.17867
 358          4873.65961
 359          4893.19761
 360          4912.79284
 361          4932.44547
 362          4952.15570
 363          4971.92369
 364          4991.74963
 365          5011.63370
 366          5031.57606
 367          5051.57691
 368          5071.63641
 369          5091.75476
 370          5111.93211
 371          5132.16867
 372          5152.46459
 373          5172.82006
 374          5193.23526
 375          5213.71037
 376          5234.24557
 377          5254.84102
 378          5275.49692
 379          5296.21344
 380          5316.99076
 381          5337.82905
 382          5358.72850
 383          5379.68929
 384          5400.71158
 385          5421.79557
 386          5442.94142
 387          5464.14932
 388          5485.41945
 389          5506.75199
 390          5528.14711
 391          5549.60499
 392          5571.12581
 393          5592.70976
 394          5614.35700
 395          5636.06773
 396          5657.84211
 397          5679.68033
 398          5701.58257
 399          5723.54900
 400          5745.57981
 401          5767.67517
 402          5789.83527
 403          5812.06029
 404          5834.35040
 405          5856.70578
 406          5879.12662
 407          5901.61309
 408          5924.16538
 409          5946.78367
 410          5969.46813
 411          5992.21895
 412          6015.03630
 413          6037.92037
 414          6060.87135
 415          6083.88940
 416          6106.97471
 417          6130.12747
 418          6153.34785
 419          6176.63604
 420          6199.99221
 421          6223.41655
 422          6246.90925
 423          6270.47048
 424          6294.10042
 425          6317.79926
 426          6341.56718
 427          6365.40437
 428          6389.31100
 429          6413.28726
 430          6437.33334
 431          6461.44940
 432          6485.63565
 433          6509.89226
 434          6534.21942
 435          6558.61730
 436          6583.08610
 437          6607.62600
 438          6632.23719
 439          6656.91984
 440          6681.67414
 441          6706.50028
 442          6731.39844
 443          6756.36881
 444          6781.41157
 445          6806.52691
 446          6831.71502
 447          6856.97608
 448          6882.31027
 449          6907.71778
 450          6933.19881
 451          6958.75353
 452          6984.38214
 453          7010.08481
 454          7035.86175
 455          7061.71313
 456          7087.63914
 457          7113.63997
 458          7139.71581
 459          7165.86685
 460          7192.09328
 461          7218.39528
 462          7244.77304
 463          7271.22676
 464          7297.75661
 465          7324.36280
 466          7351.04551
 467          7377.80493
 468          7404.64126
 469          7431.55467
 470          7458.54537
 471          7485.61354
 472          7512.75937
 473          7539.98307
 474          7567.28480
 475          7594.66478
 476          7622.12319
 477          7649.66022
 478          7677.27606
 479          7704.97091
 480          7732.74497
 481          7760.59842
 482          7788.53145
 483          7816.54427
 484          7844.63706
 485          7872.81002
 486          7901.06334
 487          7929.39722
 488          7957.81185
 489          7986.30743
 490          8014.88415
 491          8043.54220
 492          8072.28180
 493          8101.10312
 494          8130.00636
 495          8158.99173
 496          8188.05942
 497          8217.20962
 498          8246.44253
 499          8275.75836
 500          8305.15729
 501          8334.63953
 502          8364.20527
 503          8393.85471
 504          8423.58806
 505          8453.40550
 506          8483.30725
 507          8513.29349
 508          8543.36443
 509          8573.52027
 510          8603.76121
 511          8634.08744
 512          8664.49918
 513          8694.99662
 514          8725.57996
 515          8756.24940
 516          8787.00515
 517          8817.84741
 518          8848.77638
 519          8879.79225
 520          8910.89525
 521          8942.08556
 522          8973.36340
 523          9004.72896
 524          9036.18245
 525          9067.72408
 526          9099.35404
 527          9131.07255
 528          9162.87981
 529          9194.77602
 530          9226.76139
 531          9258.83612
 532          9291.00043
 533          9323.25451
 534          9355.59858
 535          9388.03285
 536          9420.55751
 537          9453.17278
 538          9485.87886
 539          9518.67597
 540          9551.56431
 541          9584.54408
 542          9617.61551
 543          9650.77880
 544          9684.03415
 545          9717.38179
 546          9750.82191
 547          9784.35473
 548          9817.98046
 549          9851.69931
 550          9885.51150
 551          9919.41722
 552          9953.41671
 553          9987.51016
 554         10021.69780
 555         10055.97980
 556         10090.35640
 557         10124.82790
 558         10159.39440
 559         10194.05610
 560         10228.81330
 561         10263.66620
 562         10298.61500
 563         10333.65980
 564         10368.80100
 565         10404.03880
 566         10439.37320
 567         10474.80470
 568         10510.33330
 569         10545.95940
 570         10581.68310
 571         10617.50460
 572         10653.42410
 573         10689.44200
 574         10725.55830
 575         10761.77340
 576         10798.08740
 577         10834.50050
 578         10871.01300
 579         10907.62510
 580         10944.33710
 581         10981.14900
 582         11018.06120
 583         11055.07390
 584         11092.18730
 585         11129.40160
 586         11166.71700
 587         11204.13380
 588         11241.65220
 589         11279.27240
 590         11316.99470
 591         11354.81920
 592         11392.74620
 593         11430.77580
 594         11468.90850
 595         11507.14430
 596         11545.48340
 597         11583.92620
 598         11622.47280
 599         11661.12350
 600         11699.87840
 601         11738.73790
 602         11777.70210
 603         11816.77130
 604         11855.94570
 605         11895.22550
 606         11934.61100
 607         11974.10230
 608         12013.69980
 609         12053.40360
 610         12093.21400
 611         12133.13120
 612         12173.15540
 613         12213.28690
 614         12253.52590
 615         12293.87260
 616         12334.32730
 617         12374.89020
 618         12415.56150
 619         12456.34150
 620         12497.23030
 621         12538.22830
 622         12579.33560
 623         12620.55260
 624         12661.87930
 625         12703.31620
 626         12744.86330
 627         12786.52100
 628         12828.28940
 629         12870.16890
 630         12912.15960
 631         12954.26170
 632         12996.47560
 633         13038.80150
 634         13081.23950
 635         13123.79000
 636         13166.45320
 637         13209.22930
 638         13252.11850
 639         13295.12110
 640         13338.23730
 641         13381.46740
 642         13424.81160
 643         13468.27020
 644         13511.84340
 645         13555.53140
 646         13599.33450
 647         13643.25290
 648         13687.28680
 649         13731.43660
 650         13775.70240
 651         13820.08460
 652         13864.58320
 653         13909.19870
 654         13953.93110
 655         13998.78090
 656         14043.74810
 657         14088.83310
 658         14134.03620
 659         14179.35750
 660         14224.79730
 661         14270.35580
 662         14316.03340
 663         14361.83020
 664         14407.74640
 665         14453.78250
 666         14499.93850
 667         14546.21480
 668         14592.61160
 669         14639.12910
 670         14685.76760
 671         14732.52730
 672         14779.40860
 673         14826.41150
 674         14873.53650
 675         14920.78380
 676         14968.15350
 677         15015.64600
 678         15063.26150
 679         15111.00030
 680         15158.86260
 681         15206.84870
 682         15254.95880
 683         15303.19310
 684         15351.55200
 685         15400.03580
 686         15448.64450
 687         15497.37860
 688         15546.23820
 689         15595.22360
 690         15644.33520
 691         15693.57300
 692         15742.93750
 693         15792.42880
 694         15842.04720
 695         15891.79300
 696         15941.66640
 697         15991.66770
 698         16041.79720
 699         16092.05510
 700         16142.44160
 701         16192.95710
 702         16243.60180
 703         16294.37600
 704         16345.27980
 705         16396.31370
 706         16447.47780
 707         16498.77240
 708         16550.19780
 709         16601.75420
 710         16653.44200
 711         16705.26130
 712         16757.21240
 713         16809.29570
 714         16861.51130
 715         16913.85960
 716         16966.34070
 717         17018.95510
 718         17071.70280
 719         17124.58430
 720         17177.59980
 721         17230.74950
 722         17284.03370
 723         17337.45270
 724         17391.00670
 725         17444.69610
 726         17498.52110
 727         17552.48190
 728         17606.57890
 729         17660.81230
 730         17715.18230
 731         17769.68940
 732         17824.33360
 733         17879.11540
 734         17934.03490
 735         17989.09250
 736         18044.28830
 737         18099.62280
 738         18155.09620
 739         18210.70870
 740         18266.46070
 741         18322.35230
 742         18378.38390
 743         18434.55580
 744         18490.86820
 745         18547.32140
 746         18603.91570
 747         18660.65140
 748         18717.52870
 749         18774.54800
 750         18831.70950
 751         18889.01340
 752         18946.46010
 753         19004.04990
 754         19061.78300
 755         19119.65970
 756         19177.68030
 757         19235.84500
 758         19294.15420
 759         19352.60820
 760         19411.20720
 761         19469.95150
 762         19528.84140
 763         19587.87720
 764         19647.05910
 765         19706.38750
 766         19765.86270
 767         19825.48480
 768         19885.25430
 769         19945.17130
 770         20005.23620
 771         20065.44940
 772         20125.81090
 773         20186.32120
 774         20246.98060
 775         20307.78930
 776         20368.74750
 777         20429.85570
 778         20491.11410
 779         20552.52300
 780         20614.08270
 781         20675.79340
 782         20737.65550
 783         20799.66930
 784         20861.83500
 785         20924.15290
 786         20986.62340
 787         21049.24670
 788         21112.02310
 789         21174.95300
 790         21238.03650
 791         21301.27410
 792         21364.66600
 793         21428.21250
 794         21491.91380
 795         21555.77040
 796         21619.78250
 797         21683.95030
 798         21748.27430
 799         21812.75460
 800         21877.39170
 801         21942.18570
 802         22007.13700
 803         22072.24590
 804         22137.51270
 805         22202.93760
 806         22268.52110
 807         22334.26340
 808         22400.16470
 809         22466.22550
 810         22532.44590
 811         22598.82640
 812         22665.36720
 813         22732.06850
 814         22798.93080
 815         22865.95440
 816         22933.13940
 817         23000.48630
 818         23067.99530
 819         23135.66680
 820         23203.50110
 821         23271.49840
 822         23339.65900
 823         23407.98340
 824         23476.47170
 825         23545.12440
 826         23613.94160
 827         23682.92380
 828         23752.07110
 829         23821.38410
 830         23890.86280
 831         23960.50780
 832         24030.31920
 833         24100.29740
 834         24170.44270
 835         24240.75540
 836         24311.23580
 837         24381.88430
 838         24452.70110
 839         24523.68660
 840         24594.84100
 841         24666.16480
 842         24737.65820
 843         24809.32150
 844         24881.15510
 845         24953.15920
 846         25025.33420
 847         25097.68040
 848         25170.19820
 849         25242.88770
 850         25315.74950
 851         25388.78370
 852         25461.99070
 853         25535.37080
 854         25608.92440
 855         25682.65170
 856         25756.55310
 857         25830.62890
 858         25904.87940
 859         25979.30500
 860         26053.90600
 861         26128.68260
 862         26203.63530
 863         26278.76430
 864         26354.07000
 865         26429.55270
 866         26505.21270
 867         26581.05040
 868         26657.06600
 869         26733.26000
 870         26809.63260
 871         26886.18410
 872         26962.91490
 873         27039.82540
 874         27116.91570
 875         27194.18640
 876         27271.63760
 877         27349.26980
 878         27427.08330
 879         27505.07840
 880         27583.25530
 881         27661.61460
 882         27740.15640
 883         27818.88120
 884         27897.78920
 885         27976.88080
 886         28056.15640
 887         28135.61620
 888         28215.26060
 889         28295.08990
 890         28375.10460
 891         28455.30480
 892         28535.69090
 893         28616.26340
 894         28697.02240
 895         28777.96840
 896         28859.10170
 897         28940.42270
 898         29021.93160
 899         29103.62880
 900         29185.51470
 901         29267.58950
 902         29349.85370
 903         29432.30760
 904         29514.95150
 905         29597.78570
 906         29680.81060
 907         29764.02660
 908         29847.43400
 909         29931.03310
 910         30014.82430
 911         30098.80790
 912         30182.98430
 913         30267.35370
 914         30351.91670
 915         30436.67340
 916         30521.62430
 917         30606.76970
 918         30692.11000
 919         30777.64540
 920         30863.37640
 921         30949.30320
 922         31035.42630
 923         31121.74600
 924         31208.26270
 925         31294.97660
 926         31381.88820
 927         31468.99780
 928         31556.30570
 929         31643.81230
 930         31731.51800
 931         31819.42310
 932         31907.52790
 933         31995.83290
 934         32084.33830
 935         32173.04460
 936         32261.95200
 937         32351.06100
 938         32440.37190
 939         32529.88500
 940         32619.60070
 941         32709.51940
 942         32799.64140
 943         32889.96710
 944         32980.49680
 945         33071.23090
 946         33162.16980
 947         33253.31380
 948         33344.66330
 949         33436.21860
 950         33527.98010
 951         33619.94820
 952         33712.12330
 953         33804.50560
 954         33897.09560
 955         33989.89350
 956         34082.89990
 957         34176.11500
 958         34269.53930
 959         34363.17300
 960         34457.01650
 961         34551.07030
 962         34645.33460
 963         34739.80990
 964         34834.49650
 965         34929.39480
 966         35024.50510
 967         35119.82780
 968         35215.36340
 969         35311.11210
 970         35407.07430
 971         35503.25040
 972         35599.64080
 973         35696.24580
 974         35793.06590
 975         35890.10130
 976         35987.35250
 977         36084.81980
 978         36182.50360
 979         36280.40440
 980         36378.52230
 981         36476.85790
 982         36575.41150
 983         36674.18350
 984         36773.17430
 985         36872.38420
 986         36971.81360
 987         37071.46290
 988         37171.33250
 989         37271.42270
 990         37371.73390
 991         37472.26660
 992         37573.02110
 993         37673.99770
 994         37775.19690
 995         37876.61900
 996         37978.26440
 997         38080.13350
 998         38182.22670
 999         38284.54440
1000         38387.08690
1001         38489.85470
1002         38592.84800
1003         38696.06740
1004         38799.51310
1005         38903.18570
1006         39007.08540
1007         39111.21260
1008         39215.56780
1009         39320.15120
1010         39424.96340
1011         39530.00480
1012         39635.27550
1013         39740.77620
1014         39846.50710
1015         39952.46870
1016         40058.66140
1017         40165.08550
1018         40271.74140
1019         40378.62950
1020         40485.75030
1021         40593.10410
1022         40700.69130
1023         40808.51230
1024         40916.56740
1025         41024.85720
1026         41133.38200
1027         41242.14210
1028         41351.13800
1029         41460.37010
1030         41569.83880
1031         41679.54440
1032         41789.48740
1033         41899.66820
1034         42010.08710
1035         42120.74460
1036         42231.64110
1037         42342.77690
1038         42454.15250
1039         42565.76830
1040         42677.62460
1041         42789.72200
1042         42902.06070
1043         43014.64110
1044         43127.46380
1045         43240.52910
1046         43353.83730
1047         43467.38900
1048         43581.18440
1049         43695.22410
1050         43809.50830
1051         43924.03760
1052         44038.81240
1053         44153.83300
1054         44269.09980
1055         44384.61330
1056         44500.37380
1057         44616.38180
1058         44732.63770
1059         44849.14200
1060         44965.89490
1061         45082.89690
1062         45200.14850
1063         45317.65000
1064         45435.40190
1065         45553.40450
1066         45671.65840
1067         45790.16380
1068         45908.92130
1069         46027.93110
1070         46147.19390
1071         46266.70990
1072         46386.47960
1073         46506.50330
1074         46626.78160
1075         46747.31480
1076         46868.10340
1077         46989.14780
1078         47110.44830
1079         47232.00550
1080         47353.81970
1081         47475.89130
1082         47598.22080
1083         47720.80860
1084         47843.65520
1085         47966.76080
1086         48090.12610
1087         48213.75130
1088         48337.63690
1089         48461.78340
1090         48586.19120
1091         48710.86060
1092         48835.79220
1093         48960.98630
1094         49086.44330
1095         49212.16380
1096         49338.14810
1097         49464.39660
1098         49590.90990
1099         49717.68820
1100         49844.73210
1101         49972.04200
1102         50099.61820
1103         50227.46140
1104         50355.57170
1105         50483.94980
1106         50612.59600
1107         50741.51080
1108         50870.69460
1109         51000.14780
1110         51129.87090
1111         51259.86430
1112         51390.12840
1113         51520.66370
1114         51651.47070
1115         51782.54960
1116         51913.90110
1117         52045.52550
1118         52177.42330
1119         52309.59480
1120         52442.04060
1121         52574.76110
1122         52707.75680
1123         52841.02800
1124         52974.57520
1125         53108.39880
1126         53242.49940
1127         53376.87720
1128         53511.53290
1129         53646.46680
1130         53781.67930
1131         53917.17100
1132         54052.94220
1133         54188.99340
1134         54325.32510
1135         54461.93770
1136         54598.83160
1137         54736.00730
1138         54873.46530
1139         55011.20590
1140         55149.22970
1141         55287.53700
1142         55426.12850
1143         55565.00430
1144         55704.16520
1145         55843.61140
1146         55983.34350
1147         56123.36180
1148         56263.66700
1149         56404.25930
1150         56545.13920
1151         56686.30730
1152         56827.76400
1153         56969.50970
1154         57111.54480
1155         57253.86990
1156         57396.48540
1157         57539.39180
1158         57682.58940
1159         57826.07880
1160         57969.86040
1161         58113.93480
1162         58258.30220
1163         58402.96330
1164         58547.91840
1165         58693.16810
1166         58838.71280
1167         58984.55290
1168         59130.68890
1169         59277.12130
1170         59423.85050
1171         59570.87710
1172         59718.20140
1173         59865.82400
1174         60013.74520
1175         60161.96560
1176         60310.48570
1177         60459.30590
1178         60608.42660
1179         60757.84840
1180         60907.57170
1181         61057.59700
1182         61207.92470
1183         61358.55530
1184         61509.48930
1185         61660.72720
1186         61812.26940
1187         61964.11640
1188         62116.26870
1189         62268.72670
1190         62421.49100
1191         62574.56190
1192         62727.94010
1193         62881.62580
1194         63035.61970
1195         63189.92220
1196         63344.53380
1197         63499.45500
1198         63654.68610
1199         63810.22780
1200         63966.08040
1201         64122.24460
1202         64278.72060
1203         64435.50910
1204         64592.61050
1205         64750.02530
1206         64907.75400
1207         65065.79700
1208         65224.15490
1209         65382.82810
1210         65541.81700
1211         65701.12230
1212         65860.74430
1213         66020.68360
1214         66180.94070
1215         66341.51590
1216         66502.40990
1217         66663.62310
1218         66825.15590
1219         66987.00900
1220         67149.18270
1221         67311.67760
1222         67474.49410
1223         67637.63280
1224         67801.09400
1225         67964.87840
1226         68128.98640
1227         68293.41860
1228         68458.17530
1229         68623.25710
1230         68788.66440
1231         68954.39790
1232         69120.45790
1233         69286.84500
1234         69453.55960
1235         69620.60240
1236         69787.97360
1237         69955.67390
1238         70123.70380
1239         70292.06370
1240         70460.75420
1241         70629.77570
1242         70799.12870
1243         70968.81380
1244         71138.83150
1245         71309.18220
1246         71479.86640
1247         71650.88470
1248         71822.23760
1249         71993.92550
1250         72165.94900
1251         72338.30850
1252         72511.00460
1253         72684.03780
1254         72857.40860
1255         73031.11740
1256         73205.16490
1257         73379.55150
1258         73554.27760
1259         73729.34390
1260         73904.75090
1261         74080.49890
1262         74256.58860
1263         74433.02050
1264         74609.79500
1265         74786.91280
1266         74964.37420
1267         75142.17980
1268         75320.33010
1269         75498.82570
1270         75677.66700
1271         75856.85460
1272         76036.38900
1273         76216.27060
1274         76396.50010
1275         76577.07790
1276         76758.00450
1277         76939.28050
1278         77120.90640
1279         77302.88260
1280         77485.20980
1281         77667.88840
1282         77850.91900
1283         78034.30200
1284         78218.03800
1285         78402.12760
1286         78586.57120
1287         78771.36940
1288         78956.52260
1289         79142.03150
1290         79327.89650
1291         79514.11810
1292         79700.69700
1293         79887.63350
1294         80074.92830
1295         80262.58190
1296         80450.59470
1297         80638.96740
1298         80827.70040
1299         81016.79430
1300         81206.24960
1301         81396.06690
1302         81586.24660
1303         81776.78930
1304         81967.69560
1305         82158.96590
1306         82350.60080
1307         82542.60080
1308         82734.96650
1309         82927.69840
1310         83120.79700
1311         83314.26290
1312         83508.09650
1313         83702.29860
1314         83896.86950
1315         84091.80980
1316         84287.12000
1317         84482.80080
1318         84678.85260
1319         84875.27590
1320         85072.07130
1321         85269.23940
1322         85466.78070
1323         85664.69570
1324         85862.98500
1325         86061.64910
1326         86260.68850
1327         86460.10390
1328         86659.89570
1329         86860.06450
1330         87060.61080
1331         87261.53520
1332         87462.83820
1333         87664.52040
1334         87866.58230
1335         88069.02450
1336         88271.84750
1337         88475.05190
1338         88678.63810
1339         88882.60690
1340         89086.95860
1341         89291.69390
1342         89496.81340
1343         89702.31750
1344         89908.20680
1345         90114.48190
1346         90321.14330
1347         90528.19160
1348         90735.62730
1349         90943.45100
1350         91151.66330
1351         91360.26470
1352         91569.25570
1353         91778.63690
1354         91988.40900
1355         92198.57230
1356         92409.12750
1357         92620.07520
1358         92831.41590
1359         93043.15020
1360         93255.27860
1361         93467.80170
1362         93680.72000
1363         93894.03420
1364         94107.74470
1365         94321.85220
1366         94536.35720
1367         94751.26020
1368         94966.56190
1369         95182.26280
1370         95398.36350
1371         95614.86450
1372         95831.76640
1373         96049.06980
1374         96266.77520
1375         96484.88320
1376         96703.39440
1377         96922.30930
1378         97141.62860
1379         97361.35270
1380         97581.48230
1381         97802.01790
1382         98022.96020
1383         98244.30960
1384         98466.06670
1385         98688.23220
1386         98910.80660
1387         99133.79040
1388         99357.18430
1389         99580.98880
1390         99805.20460
1391        100029.83200
1392        100254.87200
1393        100480.32500
1394        100706.19100
1395        100932.47100
1396        101159.16600
1397        101386.27700
1398        101613.80300
1399        101841.74600
1400        102070.10500
1401        102298.88200
1402        102528.07800
1403        102757.69200
1404        102987.72500
1405        103218.17800
1406        103449.05200
1407        103680.34700
1408        103912.06400
1409        104144.20300
1410        104376.76400
1411        104609.74900
1412        104843.15900
1413        105076.99200
1414        105311.25100
1415        105545.93600
1416        105781.04700
1417        106016.58500
1418        106252.55100
1419        106488.94500
1420        106725.76700
1421        106963.01900
1422        107200.70100
1423        107438.81400
1424        107677.35700
1425        107916.33200
1426        108155.74000
1427        108395.58000
1428        108635.85500
1429        108876.56300
1430        109117.70500
1431        109359.28400
1432        109601.29800
1433        109843.74800
1434        110086.63600
1435        110329.96100
1436        110573.72500
1437        110817.92700
1438        111062.56900
1439        111307.65200
1440        111553.17500
1441        111799.13900
1442        112045.54500
1443        112292.39400
1444        112539.68600
1445        112787.42100
1446        113035.60100
1447        113284.22600
1448        113533.29600
1449        113782.81300
1450        114032.77600
1451        114283.18700
1452        114534.04600
1453        114785.35300
1454        115037.11000
1455        115289.31700
1456        115541.97300
1457        115795.08100
1458        116048.64100
1459        116302.65300
1460        116557.11800
1461        116812.03600
1462        117067.40900
1463        117323.23600
1464        117579.51800
1465        117836.25700
1466        118093.45200
1467        118351.10500
1468        118609.21500
1469        118867.78300
1470        119126.81100
1471        119386.29900
1472        119646.24600
1473        119906.65500
1474        120167.52500
1475        120428.85800
1476        120690.65300
1477        120952.91200
1478        121215.63400
1479        121478.82200
1480        121742.47400
1481        122006.59300
1482        122271.17800
1483        122536.23000
1484        122801.75000
1485        123067.73900
1486        123334.19600
1487        123601.12400
1488        123868.52100
1489        124136.39000
1490        124404.73000
1491        124673.54200
1492        124942.82800
1493        125212.58600
1494        125482.81900
1495        125753.52600
1496        126024.70900
1497        126296.36800
1498        126568.50400
1499        126841.11600
1500        127114.20700
1501        127387.77600
1502        127661.82500
1503        127936.35300
1504        128211.36200
1505        128486.85200
1506        128762.82300
1507        129039.27700
1508        129316.21400
1509        129593.63500
1510        129871.53900
1511        130149.92900
1512        130428.80500
1513        130708.16600
1514        130988.01500
1515        131268.35100
1516        131549.17500
1517        131830.48800
1518        132112.29000
1519        132394.58300
1520        132677.36600
1521        132960.64100
1522        133244.40800
1523        133528.66700
1524        133813.42000
1525        134098.66600
1526        134384.40800
1527        134670.64400
1528        134957.37700
1529        135244.60600
1530        135532.33200
1531        135820.55700
1532        136109.27900
1533        136398.50100
1534        136688.22300
1535        136978.44600
1536        137269.16900
1537        137560.39500
1538        137852.12200
1539        138144.35300
1540        138437.08800
1541        138730.32700
1542        139024.07200
1543        139318.32200
1544        139613.07800
1545        139908.34200
1546        140204.11300
1547        140500.39300
1548        140797.18100
1549        141094.48000
1550        141392.28900
1551        141690.60900
1552        141989.44000
1553        142288.78400
1554        142588.64200
1555        142889.01200
1556        143189.89800
1557        143491.29800
1558        143793.21400
1559        144095.64600
1560        144398.59600
1561        144702.06300
1562        145006.04800
1563        145310.55300
1564        145615.57700
1565        145921.12200
1566        146227.18800
1567        146533.77500
1568        146840.88500
1569        147148.51800
1570        147456.67500
1571        147765.35600
1572        148074.56300
1573        148384.29500
1574        148694.55300
1575        149005.33900
1576        149316.65300
1577        149628.49500
1578        149940.86600
1579        150253.76700
1580        150567.19900
1581        150881.16200
1582        151195.65600
1583        151510.68400
1584        151826.24400
1585        152142.33900
1586        152458.96800
1587        152776.13200
1588        153093.83300
1589        153412.07000
1590        153730.84400
1591        154050.15700
1592        154370.00800
1593        154690.39900
1594        155011.32900
1595        155332.80100
1596        155654.81400
1597        155977.36900
1598        156300.46700
1599        156624.10900
1600        156948.29400
1601        157273.02500
1602        157598.30100
1603        157924.12400
1604        158250.49400
1605        158577.41100
1606        158904.87600
1607        159232.89100
1608        159561.45600
1609        159890.57100
1610        160220.23700
1611        160550.45500
1612        160881.22500
1613        161212.54900
1614        161544.42700
1615        161876.85900
1616        162209.84700
1617        162543.39100
1618        162877.49100
1619        163212.14900
1620        163547.36500
1621        163883.14000
1622        164219.47500
1623        164556.37000
1624        164893.82500
1625        165231.84300
1626        165570.42200
1627        165909.56500
1628        166249.27200
1629        166589.54300
1630        166930.37900
1631        167271.78100
1632        167613.75000
1633        167956.28600
1634        168299.39000
1635        168643.06300
1636        168987.30500
1637        169332.11700
1638        169677.50000
1639        170023.45500
1640        170369.98200
1641        170717.08200
1642        171064.75600
1643        171413.00400
1644        171761.82700
1645        172111.22600
1646        172461.20200
1647        172811.75500
1648        173162.88500
1649        173514.59500
1650        173866.88400
1651        174219.75300
1652        174573.20300
1653        174927.23500
1654        175281.84900
1655        175637.04500
1656        175992.82600
1657        176349.19100
1658        176706.14100
1659        177063.67700
1660        177421.80000
1661        177780.51000
1662        178139.80800
1663        178499.69500
1664        178860.17200
1665        179221.23800
1666        179582.89600
1667        179945.14500
1668        180307.98700
1669        180671.42200
1670        181035.45100
1671        181400.07400
1672        181765.29300
1673        182131.10800
1674        182497.51900
1675        182864.52800
1676        183232.13600
1677        183600.34200
1678        183969.14800
1679        184338.55400
1680        184708.56200
1681        185079.17100
1682        185450.38400
1683        185822.19900
1684        186194.61900
1685        186567.64300
1686        186941.27300
1687        187315.51000
1688        187690.35300
1689        188065.80500
1690        188441.86400
1691        188818.53400
1692        189195.81300
1693        189573.70300
1694        189952.20400
1695        190331.31700
1696        190711.04400
1697        191091.38400
1698        191472.33900
1699        191853.90900
1700        192236.09500
1701        192618.89800
1702        193002.31800
1703        193386.35600
1704        193771.01300
1705        194156.29000
1706        194542.18700
1707        194928.70500
1708        195315.84600
1709        195703.60900
1710        196091.99500
1711        196481.00600
1712        196870.64100
1713        197260.90200
1714        197651.79000
1715        198043.30400
1716        198435.44700
1717        198828.21800
1718        199221.61900
1719        199615.65000
1720        200010.31200
1721        200405.60500
1722        200801.53100
1723        201198.09000
1724        201595.28400
1725        201993.11100
1726        202391.57500
1727        202790.67400
1728        203190.41100
1729        203590.78500
1730        203991.79800
1731        204393.45000
1732        204795.74200
1733        205198.67400
1734        205602.24900
1735        206006.46500
1736        206411.32500
1737        206816.82900
1738        207222.97700
1739        207629.77000
1740        208037.21000
1741        208445.29600
1742        208854.03100
1743        209263.41300
1744        209673.44500
1745        210084.12700
1746        210495.45900
1747        210907.44300
1748        211320.07900
1749        211733.36800
1750        212147.31100
1751        212561.90900
1752        212977.16200
1753        213393.07100
1754        213809.63700
1755        214226.86100
1756        214644.74300
1757        215063.28400
1758        215482.48500
1759        215902.34700
1760        216322.87000
1761        216744.05600
1762        217165.90500
1763        217588.41800
1764        218011.59500
1765        218435.43800
1766        218859.94600
1767        219285.12200
1768        219710.96600
1769        220137.47800
1770        220564.65900
1771        220992.51100
1772        221421.03300
1773        221850.22700
1774        222280.09400
1775        222710.63300
1776        223141.84700
1777        223573.73500
1778        224006.29900
1779        224439.54000
1780        224873.45700
1781        225308.05200
1782        225743.32700
1783        226179.28000
1784        226615.91400
1785        227053.22900
1786        227491.22600
1787        227929.90500
1788        228369.26800
1789        228809.31500
1790        229250.04700
1791        229691.46500
1792        230133.56900
1793        230576.36100
1794        231019.84100
1795        231464.01000
1796        231908.86800
1797        232354.41800
1798        232800.65800
1799        233247.59100
1800        233695.21700
1801        234143.53600
1802        234592.55000
1803        235042.26000
1804        235492.66500
1805        235943.76700
1806        236395.56700
1807        236848.06600
1808        237301.26400
1809        237755.16200
1810        238209.76100
1811        238665.06200
1812        239121.06500
1813        239577.77100
1814        240035.18200
1815        240493.29800
1816        240952.11900
1817        241411.64700
1818        241871.88200
1819        242332.82500
1820        242794.47700
1821        243256.83900
1822        243719.91200
1823        244183.69600
1824        244648.19200
1825        245113.40100
1826        245579.32400
1827        246045.96200
1828        246513.31500
1829        246981.38400
1830        247450.17000
1831        247919.67400
1832        248389.89700
1833        248860.83900
1834        249332.50100
1835        249804.88500
1836        250277.99000
1837        250751.81800
1838        251226.37000
1839        251701.64600
1840        252177.64700
1841        252654.37400
1842        253131.82800
1843        253610.01000
1844        254088.91900
1845        254568.55900
1846        255048.92800
1847        255530.02800
1848        256011.86000
1849        256494.42400
1850        256977.72200
1851        257461.75400
1852        257946.52000
1853        258432.02300
1854        258918.26200
1855        259405.23900
1856        259892.95400
1857        260381.40800
1858        260870.60200
1859        261360.53700
1860        261851.21300
1861        262342.63100
1862        262834.79300
1863        263327.69900
1864        263821.35000
1865        264315.74600
1866        264810.88900
1867        265306.78000
1868        265803.41800
1869        266300.80600
1870        266798.94300
1871        267297.83100
1872        267797.47100
1873        268297.86200
1874        268799.00700
1875        269300.90600
1876        269803.56000
1877        270306.97000
1878        270811.13600
1879        271316.05900
1880        271821.74000
1881        272328.18100
1882        272835.38100
1883        273343.34200
1884        273852.06400
1885        274361.54900
1886        274871.79700
1887        275382.80900
1888        275894.58600
1889        276407.12800
1890        276920.43700
1891        277434.51400
1892        277949.35800
1893        278464.97200
1894        278981.35600
1895        279498.51000
1896        280016.43600
1897        280535.13400
1898        281054.60500
1899        281574.85100
1900        282095.87200
1901        282617.66800
1902        283140.24100
1903        283663.59100
1904        284187.72000
1905        284712.62800
1906        285238.31600
1907        285764.78500
1908        286292.03500
1909        286820.06800
1910        287348.88500
1911        287878.48600
1912        288408.87100
1913        288940.04300
1914        289472.00200
1915        290004.74800
1916        290538.28300
1917        291072.60700
1918        291607.72100
1919        292143.62700
1920        292680.32400
1921        293217.81400
1922        293756.09700
1923        294295.17600
1924        294835.04900
1925        295375.71900
1926        295917.18500
1927        296459.45000
1928        297002.51300
1929        297546.37600
1930        298091.04000
1931        298636.50400
1932        299182.77100
1933        299729.84100
1934        300277.71500
1935        300826.39400
1936        301375.87800
1937        301926.16800
1938        302477.26600
1939        303029.17300
1940        303581.88800
1941        304135.41300
1942        304689.74900
1943        305244.89700
1944        305800.85700
1945        306357.63000
1946        306915.21800
1947        307473.62100
1948        308032.84000
1949        308592.87600
1950        309153.72900
1951        309715.40100
1952        310277.89200
1953        310841.20400
1954        311405.33700
1955        311970.29200
1956        312536.06900
1957        313102.67100
1958        313670.09700
1959        314238.34900
1960        314807.42700
1961        315377.33200
1962        315948.06600
1963        316519.62800
1964        317092.02100
1965        317665.24400
1966        318239.29900
1967        318814.18600
1968        319389.90700
1969        319966.46100
1970        320543.85100
1971        321122.07700
1972        321701.14000
1973        322281.04100
1974        322861.78000
1975        323443.35800
1976        324025.77700
1977        324609.03800
1978        325193.14000
1979        325778.08600
1980        326363.87500
1981        326950.50900
1982        327537.98900
1983        328126.31500
1984        328715.48800
1985        329305.51000
1986        329896.38100
1987        330488.10300
1988        331080.67500
1989        331674.09800
1990        332268.37500
1991        332863.50500
1992        333459.49000
1993        334056.33000
1994        334654.02600
1995        335252.57900
1996        335851.99000
1997        336452.26100
1998        337053.39100
1999        337655.38100
2000        338258.23300
2001        338861.94800
2002        339466.52600
2003        340071.96800
2004        340678.27500
2005        341285.44900
2006        341893.48900
2007        342502.39700
2008        343112.17300
2009        343722.81900
2010        344334.33600
2011        344946.72400
2012        345559.98400
2013        346174.11700
2014        346789.12400
2015        347405.00600
2016        348021.76400
2017        348639.39900
2018        349257.91100
2019        349877.30200
2020        350497.57200
2021        351118.72200
2022        351740.75300
2023        352363.66700
2024        352987.46300
2025        353612.14400
2026        354237.70900
2027        354864.16000
2028        355491.49700
2029        356119.72200
2030        356748.83500
2031        357378.83700
2032        358009.73000
2033        358641.51300
2034        359274.18900
2035        359907.75700
2036        360542.21900
2037        361177.57600
2038        361813.82800
2039        362450.97700
2040        363089.02300
2041        363727.96800
2042        364367.81100
2043        365008.55500
2044        365650.19900
2045        366292.74600
2046        366936.19500
2047        367580.54800
2048        368225.80600
2049        368871.96900
2050        369519.03800
2051        370167.01500
2052        370815.90000
2053        371465.69400
2054        372116.39800
2055        372768.01300
2056        373420.54000
2057        374073.98000
2058        374728.33300
2059        375383.60100
2060        376039.78500
2061        376696.88400
2062        377354.90200
2063        378013.83700
2064        378673.69200
2065        379334.46600
2066        379996.16200
2067        380658.77900
2068        381322.31900
2069        381986.78300
2070        382652.17200
2071        383318.48600
2072        383985.72600
2073        384653.89400
2074        385322.99000
2075        385993.01600
2076        386663.97100
2077        387335.85800
2078        388008.67600
2079        388682.42700
2080        389357.11200
2081        390032.73200
2082        390709.28800
2083        391386.77900
2084        392065.20900
2085        392744.57600
2086        393424.88300
2087        394106.13100
2088        394788.31900
2089        395471.44900
2090        396155.52300
2091        396840.54000
2092        397526.50200
2093        398213.41000
2094        398901.26400
2095        399590.06600
2096        400279.81700
2097        400970.51700
2098        401662.16700
2099        402354.76800
2100        403048.32200
2101        403742.82900
2102        404438.29000
2103        405134.70600
2104        405832.07800
2105        406530.40600
2106        407229.69300
2107        407929.93800
2108        408631.14200
2109        409333.30700
2110        410036.43400
2111        410740.52300
2112        411445.57500
2113        412151.59200
2114        412858.57400
2115        413566.52100
2116        414275.43600
2117        414985.31900
2118        415696.17100
2119        416407.99200
2120        417120.78500
2121        417834.54900
2122        418549.28500
2123        419264.99500
2124        419981.68000
2125        420699.34000
2126        421417.97600
2127        422137.59000
2128        422858.18200
2129        423579.75300
2130        424302.30400
2131        425025.83600
2132        425750.35000
2133        426475.84700
2134        427202.32800
2135        427929.79300
2136        428658.24500
2137        429387.68200
2138        430118.10800
2139        430849.52200
2140        431581.92500
2141        432315.31900
2142        433049.70400
2143        433785.08100
2144        434521.45100
2145        435258.81600
2146        435997.17500
2147        436736.53100
2148        437476.88400
2149        438218.23400
2150        438960.58300
2151        439703.93200
2152        440448.28200
2153        441193.63300
2154        441939.98700
2155        442687.34500
2156        443435.70700
2157        444185.07400
2158        444935.44800
2159        445686.82900
2160        446439.21800
2161        447192.61700
2162        447947.02500
2163        448702.44500
2164        449458.87700
2165        450216.32100
2166        450974.78000
2167        451734.25300
2168        452494.74300
2169        453256.24900
2170        454018.77200
2171        454782.31400
2172        455546.87600
2173        456312.45900
2174        457079.06200
2175        457846.68900
2176        458615.33800
2177        459385.01200
2178        460155.71100
2179        460927.43700
2180        461700.19000
2181        462473.97000
2182        463248.78000
2183        464024.62000
2184        464801.49000
2185        465579.39300
2186        466358.32900
2187        467138.29800
2188        467919.30200
2189        468701.34200
2190        469484.41800
2191        470268.53200
2192        471053.68500
2193        471839.87700
2194        472627.11000
2195        473415.38400
2196        474204.70000
2197        474995.06000
2198        475786.46400
2199        476578.91300
2200        477372.40800
2201        478166.95100
2202        478962.54200
2203        479759.18100
2204        480556.87100
2205        481355.61200
2206        482155.40500
2207        482956.25000
2208        483758.14900
2209        484561.10400
2210        485365.11300
2211        486170.18000
2212        486976.30400
2213        487783.48700
2214        488591.72900
2215        489401.03200
2216        490211.39700
2217        491022.82400
2218        491835.31400
2219        492648.86900
2220        493463.48900
2221        494279.17500
2222        495095.92800
2223        495913.75000
2224        496732.64100
2225        497552.60200
2226        498373.63400
2227        499195.73800
2228        500018.91500
2229        500843.16600
2230        501668.49200
2231        502494.89400
2232        503322.37300
2233        504150.92900
2234        504980.56400
2235        505811.27900
2236        506643.07500
2237        507475.95200
2238        508309.91200
2239        509144.95600
2240        509981.08400
2241        510818.29800
2242        511656.59800
2243        512495.98500
2244        513336.46100
2245        514178.02600
2246        515020.68200
2247        515864.42900
2248        516709.26800
2249        517555.20000
2250        518402.22700
2251        519250.34900
2252        520099.56700
2253        520949.88200
2254        521801.29500
2255        522653.80700
2256        523507.41900
2257        524362.13200
2258        525217.94700
2259        526074.86400
2260        526932.88600
2261        527792.01200
2262        528652.24500
2263        529513.58400
2264        530376.03100
2265        531239.58600
2266        532104.25100
2267        532970.02700
2268        533836.91400
2269        534704.91400
2270        535574.02800
2271        536444.25600
2272        537315.59900
2273        538188.05900
2274        539061.63700
2275        539936.33200
2276        540812.14700
2277        541689.08300
2278        542567.14000
2279        543446.31900
2280        544326.62100
2281        545208.04800
2282        546090.59900
2283        546974.27700
2284        547859.08200
2285        548745.01500
2286        549632.07800
2287        550520.27000
2288        551409.59300
2289        552300.04900
2290        553191.63700
2291        554084.35900
2292        554978.21600
2293        555873.20900
2294        556769.33900
2295        557666.60700
2296        558565.01400
2297        559464.56000
2298        560365.24700
2299        561267.07600
2300        562170.04800
2301        563074.16300
2302        563979.42300
2303        564885.82800
2304        565793.38100
2305        566702.08000
2306        567611.92900
2307        568522.92700
2308        569435.07500
2309        570348.37500
2310        571262.82800
2311        572178.43300
2312        573095.19400
2313        574013.10900
2314        574932.18100
2315        575852.41100
2316        576773.79900
2317        577696.34600
2318        578620.05300
2319        579544.92200
2320        580470.95300
2321        581398.14700
2322        582326.50500
2323        583256.02900
2324        584186.71800
2325        585118.57500
2326        586051.60000
2327        586985.79400
2328        587921.15800
2329        588857.69300
2330        589795.40000
2331        590734.28100
2332        591674.33500
2333        592615.56400
2334        593557.96900
2335        594501.55100
2336        595446.31100
2337        596392.25000
2338        597339.36900
2339        598287.66800
2340        599237.15000
2341        600187.81400
2342        601139.66200
2343        602092.69500
2344        603046.91300
2345        604002.31900
2346        604958.91200
2347        605916.69300
2348        606875.66500
2349        607835.82700
2350        608797.18000
2351        609759.72700
2352        610723.46700
2353        611688.40100
2354        612654.53200
2355        613621.85800
2356        614590.38200
2357        615560.10500
2358        616531.02700
2359        617503.15000
2360        618476.47400
2361        619451.00100
2362        620426.73100
2363        621403.66600
2364        622381.80600
2365        623361.15200
2366        624341.70600
2367        625323.46800
2368        626306.43900
2369        627290.62100
2370        628276.01400
2371        629262.62000
2372        630250.43800
2373        631239.47100
2374        632229.71900
2375        633221.18400
2376        634213.86500
2377        635207.76500
2378        636202.88400
2379        637199.22300
2380        638196.78300
2381        639195.56600
2382        640195.57100
2383        641196.80100
2384        642199.25600
2385        643202.93700
2386        644207.84400
2387        645213.98000
2388        646221.34500
2389        647229.94000
2390        648239.76600
2391        649250.82400
2392        650263.11500
2393        651276.64000
2394        652291.40000
2395        653307.39600
2396        654324.62900
2397        655343.09900
2398        656362.80900
2399        657383.75900
2400        658405.94900
2401        659429.38100
2402        660454.05600
2403        661479.97500
2404        662507.13900
2405        663535.54800
2406        664565.20400
2407        665596.10800
2408        666628.26100
2409        667661.66400
2410        668696.31700
2411        669732.22200
2412        670769.38000
2413        671807.79100
2414        672847.45700
2415        673888.37900
2416        674930.55700
2417        675973.99400
2418        677018.68800
2419        678064.64300
2420        679111.85800
2421        680160.33400
2422        681210.07300
2423        682261.07600
2424        683313.34300
2425        684366.87600
2426        685421.67500
2427        686477.74200
2428        687535.07800
2429        688593.68300
2430        689653.55800
2431        690714.70500
2432        691777.12400
2433        692840.81700
2434        693905.78400
2435        694972.02700
2436        696039.54600
2437        697108.34300
2438        698178.41700
2439        699249.77200
2440        700322.40600
2441        701396.32200
2442        702471.52100
2443        703548.00200
2444        704625.76800
2445        705704.82000
2446        706785.15700
2447        707866.78200
2448        708949.69600
2449        710033.89800
2450        711119.39100
2451        712206.17500
2452        713294.25100
2453        714383.62000
2454        715474.28400
2455        716566.24300
2456        717659.49800
2457        718754.05000
2458        719849.90100
2459        720947.05000
2460        722045.50000
2461        723145.25100
2462        724246.30300
2463        725348.66000
2464        726452.32000
2465        727557.28500
2466        728663.55600
2467        729771.13500
2468        730880.02100
2469        731990.21600
2470        733101.72200
2471        734214.53800
2472        735328.66700
2473        736444.10800
2474        737560.86400
2475        738678.93400
2476        739798.32100
2477        740919.02400
2478        742041.04600
2479        743164.38600
2480        744289.04600
2481        745415.02700
2482        746542.33000
2483        747670.95600
2484        748800.90600
2485        749932.18000
2486        751064.78100
2487        752198.70800
2488        753333.96300
2489        754470.54700
2490        755608.46100
2491        756747.70600
2492        757888.28200
2493        759030.19100
2494        760173.43400
2495        761318.01100
2496        762463.92500
2497        763611.17500
2498        764759.76300
2499        765909.68900
2500        767060.95500
2501        768213.56200
2502        769367.51000
2503        770522.80200
2504        771679.43600
2505        772837.41600
2506        773996.74100
2507        775157.41300
2508        776319.43200
2509        777482.80000
2510        778647.51700
2511        779813.58500
2512        780981.00400
2513        782149.77600
2514        783319.90200
2515        784491.38200
2516        785664.21700
2517        786838.41000
2518        788013.95900
2519        789190.86700
2520        790369.13400
2521        791548.76200
2522        792729.75100
2523        793912.10300
2524        795095.81800
2525        796280.89800
2526        797467.34200
2527        798655.15400
2528        799844.33200
2529        801034.87900
2530        802226.79500
2531        803420.08100
2532        804614.73900
2533        805810.76900
2534        807008.17200
2535        808206.95000
2536        809407.10300
2537        810608.63200
2538        811811.53800
2539        813015.82200
2540        814221.48600
2541        815428.53000
2542        816636.95500
2543        817846.76200
2544        819057.95200
2545        820270.52600
2546        821484.48500
2547        822699.83100
2548        823916.56300
2549        825134.68400
2550        826354.19300
2551        827575.09300
2552        828797.38400
2553        830021.06600
2554        831246.14200
2555        832472.61200
2556        833700.47600
2557        834929.73700
2558        836160.39400
2559        837392.44900
2560        838625.90400
2561        839860.75800
2562        841097.01200
2563        842334.66900
2564        843573.72900
2565        844814.19200
2566        846056.06000
2567        847299.33400
2568        848544.01500
2569        849790.10400
2570        851037.60100
2571        852286.50800
2572        853536.82500
2573        854788.55500
2574        856041.69700
2575        857296.25200
2576        858552.22200
2577        859809.60800
2578        861068.41100
2579        862328.63100
2580        863590.26900
2581        864853.32800
2582        866117.80600
2583        867383.70600
2584        868651.02900
2585        869919.77500
2586        871189.94600
2587        872461.54200
2588        873734.56400
2589        875009.01400
2590        876284.89200
2591        877562.20000
2592        878840.93800
2593        880121.10700
2594        881402.70800
2595        882685.74300
2596        883970.21200
2597        885256.11700
2598        886543.45700
2599        887832.23500
2600        889122.45100
2601        890414.10600
2602        891707.20100
2603        893001.73800
2604        894297.71600
2605        895595.13800
2606        896894.00300
2607        898194.31400
2608        899496.07100
2609        900799.27500
2610        902103.92600
2611        903410.02700
2612        904717.57700
2613        906026.57900
2614        907337.03200
2615        908648.93900
2616        909962.29900
2617        911277.11400
2618        912593.38500
2619        913911.11200
2620        915230.29700
2621        916550.94200
2622        917873.04500
2623        919196.61000
2624        920521.63600
2625        921848.12500
2626        923176.07700
2627        924505.49400
2628        925836.37700
2629        927168.72600
2630        928502.54200
2631        929837.82800
2632        931174.58200
2633        932512.80700
2634        933852.50400
2635        935193.67300
2636        936536.31500
2637        937880.43200
2638        939226.02400
2639        940573.09200
2640        941921.63800
2641        943271.66200
2642        944623.16500
2643        945976.14800
2644        947330.61200
2645        948686.55900
2646        950043.98800
2647        951402.90200
2648        952763.30100
2649        954125.18600
2650        955488.55800
2651        956853.41800
2652        958219.76700
2653        959587.60500
2654        960956.93500
2655        962327.75600
2656        963700.07100
2657        965073.87900
2658        966449.18200
2659        967825.98100
2660        969204.27600
2661        970584.06900
2662        971965.36100
2663        973348.15200
2664        974732.44400
2665        976118.23800
2666        977505.53400
2667        978894.33400
2668        980284.63800
2669        981676.44700
2670        983069.76300
2671        984464.58700
2672        985860.91900
2673        987258.76000
2674        988658.11100
2675        990058.97400
2676        991461.34900
2677        992865.23700
2678        994270.63900
2679        995677.55600
2680        997085.99000
2681        998495.94000
2682        999907.40900
2683       1001320.40000
2684       1002734.90000
2685       1004150.93000
2686       1005568.48000
2687       1006987.56000
2688       1008408.15000
2689       1009830.27000
2690       1011253.92000
2691       1012679.10000
2692       1014105.80000
2693       1015534.03000
2694       1016963.79000
2695       1018395.08000
2696       1019827.90000
2697       1021262.26000
2698       1022698.15000
2699       1024135.57000
2700       1025574.53000
2701       1027015.02000
2702       1028457.05000
2703       1029900.62000
2704       1031345.73000
2705       1032792.38000
2706       1034240.57000
2707       1035690.30000
2708       1037141.58000
2709       1038594.40000
2710       1040048.76000
2711       1041504.68000
2712       1042962.13000
2713       1044421.14000
2714       1045881.69000
2715       1047343.80000
2716       1048807.45000
2717       1050272.66000
2718       1051739.42000
2719       1053207.73000
2720       1054677.60000
2721       1056149.02000
2722       1057622.00000
2723       1059096.54000
2724       1060572.63000
2725       1062050.29000
2726       1063529.50000
2727       1065010.28000
2728       1066492.62000
2729       1067976.52000
2730       1069461.99000
2731       1070949.02000
2732       1072437.62000
2733       1073927.78000
2734       1075419.51000
2735       1076912.81000
2736       1078407.68000
2737       1079904.13000
2738       1081402.14000
2739       1082901.73000
2740       1084402.89000
2741       1085905.62000
2742       1087409.93000
2743       1088915.82000
2744       1090423.28000
2745       1091932.33000
2746       1093442.95000
2747       1094955.15000
2748       1096468.93000
2749       1097984.30000
2750       1099501.25000
2751       1101019.78000
2752       1102539.90000
2753       1104061.61000
2754       1105584.90000
2755       1107109.78000
2756       1108636.25000
2757       1110164.30000
2758       1111693.95000
2759       1113225.19000
2760       1114758.03000
2761       1116292.45000
2762       1117828.48000
2763       1119366.09000
2764       1120905.31000
2765       1122446.12000
2766       1123988.53000
2767       1125532.54000
2768       1127078.15000
2769       1128625.36000
2770       1130174.17000
2771       1131724.58000
2772       1133276.60000
2773       1134830.23000
2774       1136385.46000
2775       1137942.30000
2776       1139500.74000
2777       1141060.80000
2778       1142622.46000
2779       1144185.73000
2780       1145750.62000
2781       1147317.12000
2782       1148885.23000
2783       1150454.95000
2784       1152026.30000
2785       1153599.25000
2786       1155173.83000
2787       1156750.02000
2788       1158327.83000
2789       1159907.27000
2790       1161488.32000
2791       1163071.00000
2792       1164655.29000
2793       1166241.22000
2794       1167828.76000
2795       1169417.93000
2796       1171008.73000
2797       1172601.16000
2798       1174195.21000
2799       1175790.90000
2800       1177388.21000
2801       1178987.16000
2802       1180587.74000
2803       1182189.95000
2804       1183793.79000
2805       1185399.27000
2806       1187006.39000
2807       1188615.14000
2808       1190225.53000
2809       1191837.56000
2810       1193451.23000
2811       1195066.54000
2812       1196683.49000
2813       1198302.09000
2814       1199922.33000
2815       1201544.21000
2816       1203167.74000
2817       1204792.91000
2818       1206419.73000
2819       1208048.20000
2820       1209678.31000
2821       1211310.08000
2822       1212943.50000
2823       1214578.57000
2824       1216215.29000
2825       1217853.67000
2826       1219493.70000
2827       1221135.39000
2828       1222778.73000
2829       1224423.73000
2830       1226070.39000
2831       1227718.70000
2832       1229368.68000
2833       1231020.32000
2834       1232673.62000
2835       1234328.59000
2836       1235985.21000
2837       1237643.50000
2838       1239303.46000
2839       1240965.09000
2840       1242628.38000
2841       1244293.34000
2842       1245959.97000
2843       1247628.27000
2844       1249298.24000
2845       1250969.88000
2846       1252643.20000
2847       1254318.19000
2848       1255994.85000
2849       1257673.19000
2850       1259353.21000
2851       1261034.91000
2852       1262718.28000
2853       1264403.33000
2854       1266090.07000
2855       1267778.48000
2856       1269468.58000
2857       1271160.36000
2858       1272853.82000
2859       1274548.97000
2860       1276245.81000
2861       1277944.33000
2862       1279644.54000
2863       1281346.43000
2864       1283050.02000
2865       1284755.30000
2866       1286462.27000
2867       1288170.93000
2868       1289881.29000
2869       1291593.33000
2870       1293307.08000
2871       1295022.52000
2872       1296739.66000
2873       1298458.49000
2874       1300179.02000
2875       1301901.26000
2876       1303625.19000
2877       1305350.82000
2878       1307078.16000
2879       1308807.20000
2880       1310537.94000
2881       1312270.39000
2882       1314004.55000
2883       1315740.41000
2884       1317477.98000
2885       1319217.26000
2886       1320958.24000
2887       1322700.94000
2888       1324445.35000
2889       1326191.47000
2890       1327939.31000
2891       1329688.86000
2892       1331440.12000
2893       1333193.10000
2894       1334947.80000
2895       1336704.21000
2896       1338462.34000
2897       1340222.20000
2898       1341983.77000
2899       1343747.06000
2900       1345512.08000
2901       1347278.82000
2902       1349047.28000
2903       1350817.47000
2904       1352589.38000
2905       1354363.02000
2906       1356138.39000
2907       1357915.49000
2908       1359694.31000
2909       1361474.87000
2910       1363257.15000
2911       1365041.17000
2912       1366826.93000
2913       1368614.41000
2914       1370403.63000
2915       1372194.59000
2916       1373987.28000
2917       1375781.71000
2918       1377577.88000
2919       1379375.79000
2920       1381175.44000
2921       1382976.83000
2922       1384779.96000
2923       1386584.83000
2924       1388391.45000
2925       1390199.81000
2926       1392009.92000
2927       1393821.77000
2928       1395635.37000
2929       1397450.72000
2930       1399267.82000
2931       1401086.66000
2932       1402907.26000
2933       1404729.61000
2934       1406553.72000
2935       1408379.57000
2936       1410207.18000
2937       1412036.55000
2938       1413867.67000
2939       1415700.55000
2940       1417535.19000
2941       1419371.58000
2942       1421209.74000
2943       1423049.65000
2944       1424891.33000
2945       1426734.77000
2946       1428579.97000
2947       1430426.93000
2948       1432275.67000
2949       1434126.16000
2950       1435978.43000
2951       1437832.46000
2952       1439688.26000
2953       1441545.83000
2954       1443405.16000
2955       1445266.27000
2956       1447129.16000
2957       1448993.81000
2958       1450860.24000
2959       1452728.44000
2960       1454598.42000
2961       1456470.18000
2962       1458343.71000
2963       1460219.02000
2964       1462096.11000
2965       1463974.97000
2966       1465855.62000
2967       1467738.06000
2968       1469622.27000
2969       1471508.26000
2970       1473396.05000
2971       1475285.61000
2972       1477176.96000
2973       1479070.10000
2974       1480965.03000
2975       1482861.74000
2976       1484760.25000
2977       1486660.54000
2978       1488562.63000
2979       1490466.50000
2980       1492372.17000
2981       1494279.64000
2982       1496188.90000
2983       1498099.95000
2984       1500012.80000
2985       1501927.45000
2986       1503843.89000
2987       1505762.14000
2988       1507682.18000
2989       1509604.03000
2990       1511527.67000
2991       1513453.12000
2992       1515380.37000
2993       1517309.43000
2994       1519240.29000
2995       1521172.96000
2996       1523107.43000
2997       1525043.71000
2998       1526981.80000
2999       1528921.70000
3000       1530863.41000
3001       1532806.92000
3002       1534752.26000
3003       1536699.40000
3004       1538648.36000
3005       1540599.13000
3006       1542551.71000
3007       1544506.12000
3008       1546462.34000
3009       1548420.37000
3010       1550380.23000
3011       1552341.91000
3012       1554305.40000
3013       1556270.72000
3014       1558237.86000
3015       1560206.82000
3016       1562177.61000
3017       1564150.22000
3018       1566124.65000
3019       1568100.91000
3020       1570079.00000
3021       1572058.92000
3022       1574040.67000
3023       1576024.24000
3024       1578009.65000
3025       1579996.89000
3026       1581985.95000
3027       1583976.86000
3028       1585969.59000
3029       1587964.17000
3030       1589960.57000
3031       1591958.82000
3032       1593958.90000
3033       1595960.81000
3034       1597964.57000
3035       1599970.17000
3036       1601977.61000
3037       1603986.89000
3038       1605998.01000
3039       1608010.97000
3040       1610025.78000
3041       1612042.43000
3042       1614060.93000
3043       1616081.28000
3044       1618103.47000
3045       1620127.51000
3046       1622153.40000
3047       1624181.14000
3048       1626210.73000
3049       1628242.18000
3050       1630275.47000
3051       1632310.62000
3052       1634347.62000
3053       1636386.48000
3054       1638427.19000
3055       1640469.76000
3056       1642514.18000
3057       1644560.47000
3058       1646608.61000
3059       1648658.61000
3060       1650710.48000
3061       1652764.20000
3062       1654819.79000
3063       1656877.24000
3064       1658936.55000
3065       1660997.73000
3066       1663060.78000
3067       1665125.69000
3068       1667192.46000
3069       1669261.11000
3070       1671331.63000
3071       1673404.01000
3072       1675478.27000
3073       1677554.39000
3074       1679632.39000
3075       1681712.26000
3076       1683794.01000
3077       1685877.63000
3078       1687963.12000
3079       1690050.50000
3080       1692139.75000
3081       1694230.87000
3082       1696323.88000
3083       1698418.76000
3084       1700515.53000
3085       1702614.18000
3086       1704714.70000
3087       1706817.12000
3088       1708921.41000
3089       1711027.59000
3090       1713135.65000
3091       1715245.61000
3092       1717357.44000
3093       1719471.17000
3094       1721586.78000
3095       1723704.28000
3096       1725823.68000
3097       1727944.96000
3098       1730068.14000
3099       1732193.21000
3100       1734320.17000
3101       1736449.02000
3102       1738579.77000
3103       1740712.42000
3104       1742846.96000
3105       1744983.40000
3106       1747121.74000
3107       1749261.98000
3108       1751404.12000
3109       1753548.15000
3110       1755694.09000
3111       1757841.94000
3112       1759991.68000
3113       1762143.33000
3114       1764296.88000
3115       1766452.34000
3116       1768609.70000
3117       1770768.97000
3118       1772930.15000
3119       1775093.24000
3120       1777258.24000
3121       1779425.14000
3122       1781593.96000
3123       1783764.69000
3124       1785937.33000
3125       1788111.89000
3126       1790288.36000
3127       1792466.74000
3128       1794647.05000
3129       1796829.26000
3130       1799013.40000
3131       1801199.45000
3132       1803387.42000
3133       1805577.31000
3134       1807769.12000
3135       1809962.86000
3136       1812158.51000
3137       1814356.09000
3138       1816555.59000
3139       1818757.01000
3140       1820960.37000
3141       1823165.64000
3142       1825372.85000
3143       1827581.98000
3144       1829793.04000
3145       1832006.02000
3146       1834220.94000
3147       1836437.79000
3148       1838656.57000
3149       1840877.29000
3150       1843099.93000
3151       1845324.51000
3152       1847551.02000
3153       1849779.47000
3154       1852009.86000
3155       1854242.18000
3156       1856476.44000
3157       1858712.64000
3158       1860950.78000
3159       1863190.86000
3160       1865432.88000
3161       1867676.84000
3162       1869922.74000
3163       1872170.59000
3164       1874420.37000
3165       1876672.11000
3166       1878925.79000
3167       1881181.41000
3168       1883438.99000
3169       1885698.51000
3170       1887959.98000
3171       1890223.40000
3172       1892488.76000
3173       1894756.08000
3174       1897025.36000
3175       1899296.58000
3176       1901569.75000
3177       1903844.89000
3178       1906121.97000
3179       1908401.01000
3180       1910682.01000
3181       1912964.96000
3182       1915249.87000
3183       1917536.74000
3184       1919825.57000
3185       1922116.36000
3186       1924409.11000
3187       1926703.82000
3188       1929000.49000
3189       1931299.13000
3190       1933599.73000
3191       1935902.29000
3192       1938206.82000
3193       1940513.32000
3194       1942821.78000
3195       1945132.21000
3196       1947444.61000
3197       1949758.98000
3198       1952075.32000
3199       1954393.63000
3200       1956713.90000
3201       1959036.16000
3202       1961360.38000
3203       1963686.58000
3204       1966014.75000
3205       1968344.90000
3206       1970677.02000
3207       1973011.12000
3208       1975347.20000
3209       1977685.25000
3210       1980025.29000
3211       1982367.30000
3212       1984711.30000
3213       1987057.27000
3214       1989405.23000
3215       1991755.17000
3216       1994107.09000
3217       1996461.00000
3218       1998816.89000
3219       2001174.76000
3220       2003534.63000
3221       2005896.48000
3222       2008260.31000
3223       2010626.14000
3224       2012993.96000
3225       2015363.76000
3226       2017735.56000
3227       2020109.35000
3228       2022485.12000
3229       2024862.90000
3230       2027242.66000
3231       2029624.42000
3232       2032008.18000
3233       2034393.93000
3234       2036781.68000
3235       2039171.42000
3236       2041563.17000
3237       2043956.91000
3238       2046352.65000
3239       2048750.39000
3240       2051150.14000
3241       2053551.88000
3242       2055955.63000
3243       2058361.38000
3244       2060769.13000
3245       2063178.89000
3246       2065590.65000
3247       2068004.42000
3248       2070420.20000
3249       2072837.98000
3250       2075257.77000
3251       2077679.57000
3252       2080103.39000
3253       2082529.21000
3254       2084957.04000
3255       2087386.88000
3256       2089818.74000
3257       2092252.61000
3258       2094688.49000
3259       2097126.39000
3260       2099566.30000
3261       2102008.23000
3262       2104452.18000
3263       2106898.14000
3264       2109346.13000
3265       2111796.13000
3266       2114248.15000
3267       2116702.19000
3268       2119158.25000
3269       2121616.34000
3270       2124076.44000
3271       2126538.57000
3272       2129002.73000
3273       2131468.90000
3274       2133937.11000
3275       2136407.34000
3276       2138879.59000
3277       2141353.88000
3278       2143830.19000
3279       2146308.53000
3280       2148788.90000
3281       2151271.30000
3282       2153755.74000
3283       2156242.20000
3284       2158730.70000
3285       2161221.23000
3286       2163713.79000
3287       2166208.39000
3288       2168705.02000
3289       2171203.69000
3290       2173704.39000
3291       2176207.14000
3292       2178711.92000
3293       2181218.74000
3294       2183727.60000
3295       2186238.49000
3296       2188751.43000
3297       2191266.41000
3298       2193783.44000
3299       2196302.50000
3300       2198823.61000
3301       2201346.77000
3302       2203871.97000
3303       2206399.21000
3304       2208928.50000
3305       2211459.84000
3306       2213993.23000
3307       2216528.66000
3308       2219066.14000
3309       2221605.68000
3310       2224147.26000
3311       2226690.89000
3312       2229236.58000
3313       2231784.32000
3314       2234334.11000
3315       2236885.96000
3316       2239439.86000
3317       2241995.81000
3318       2244553.82000
3319       2247113.89000
3320       2249676.02000
3321       2252240.20000
3322       2254806.44000
3323       2257374.74000
3324       2259945.11000
3325       2262517.53000
3326       2265092.01000
3327       2267668.56000
3328       2270247.16000
3329       2272827.83000
3330       2275410.57000
3331       2277995.37000
3332       2280582.24000
3333       2283171.17000
3334       2285762.17000
3335       2288355.23000
3336       2290950.37000
3337       2293547.57000
3338       2296146.84000
3339       2298748.18000
3340       2301351.59000
3341       2303957.08000
3342       2306564.63000
3343       2309174.26000
3344       2311785.97000
3345       2314399.74000
3346       2317015.59000
3347       2319633.52000
3348       2322253.52000
3349       2324875.60000
3350       2327499.76000
3351       2330125.99000
3352       2332754.31000
3353       2335384.70000
3354       2338017.17000
3355       2340651.73000
3356       2343288.36000
3357       2345927.08000
3358       2348567.88000
3359       2351210.76000
3360       2353855.73000
3361       2356502.78000
3362       2359151.91000
3363       2361803.14000
3364       2364456.45000
3365       2367111.84000
3366       2369769.33000
3367       2372428.90000
3368       2375090.56000
3369       2377754.31000
3370       2380420.16000
3371       2383088.09000
3372       2385758.11000
3373       2388430.23000
3374       2391104.44000
3375       2393780.75000
3376       2396459.14000
3377       2399139.64000
3378       2401822.23000
3379       2404506.91000
3380       2407193.70000
3381       2409882.58000
3382       2412573.55000
3383       2415266.63000
3384       2417961.81000
3385       2420659.08000
3386       2423358.46000
3387       2426059.94000
3388       2428763.52000
3389       2431469.20000
3390       2434176.99000
3391       2436886.88000
3392       2439598.88000
3393       2442312.98000
3394       2445029.18000
3395       2447747.50000
3396       2450467.92000
3397       2453190.44000
3398       2455915.08000
3399       2458641.83000
3400       2461370.68000
3401       2464101.64000
3402       2466834.72000
3403       2469569.91000
3404       2472307.21000
3405       2475046.62000
3406       2477788.15000
3407       2480531.78000
3408       2483277.54000
3409       2486025.41000
3410       2488775.39000
3411       2491527.50000
3412       2494281.71000
3413       2497038.05000
3414       2499796.51000
3415       2502557.08000
3416       2505319.77000
3417       2508084.59000
3418       2510851.52000
3419       2513620.58000
3420       2516391.76000
3421       2519165.06000
3422       2521940.48000
3423       2524718.03000
3424       2527497.70000
3425       2530279.50000
3426       2533063.42000
3427       2535849.47000
3428       2538637.65000
3429       2541427.95000
3430       2544220.39000
3431       2547014.95000
3432       2549811.64000
3433       2552610.46000
3434       2555411.41000
3435       2558214.49000
3436       2561019.71000
3437       2563827.05000
3438       2566636.53000
3439       2569448.15000
3440       2572261.90000
3441       2575077.78000
3442       2577895.80000
3443       2580715.95000
3444       2583538.24000
3445       2586362.67000
3446       2589189.24000
3447       2592017.94000
3448       2594848.78000
3449       2597681.77000
3450       2600516.89000
3451       2603354.15000
3452       2606193.56000
3453       2609035.11000
3454       2611878.80000
3455       2614724.63000
3456       2617572.61000
3457       2620422.73000
3458       2623275.00000
3459       2626129.41000
3460       2628985.97000
3461       2631844.67000
3462       2634705.53000
3463       2637568.53000
3464       2640433.68000
3465       2643300.97000
3466       2646170.42000
3467       2649042.02000
3468       2651915.77000
3469       2654791.67000
3470       2657669.72000
3471       2660549.93000
3472       2663432.28000
3473       2666316.80000
3474       2669203.46000
3475       2672092.28000
3476       2674983.26000
3477       2677876.39000
3478       2680771.68000
3479       2683669.13000
3480       2686568.73000
3481       2689470.50000
3482       2692374.42000
3483       2695280.50000
3484       2698188.74000
3485       2701099.15000
3486       2704011.71000
3487       2706926.44000
3488       2709843.32000
3489       2712762.37000
3490       2715683.59000
3491       2718606.97000
3492       2721532.51000
3493       2724460.22000
3494       2727390.09000
3495       2730322.13000
3496       2733256.34000
3497       2736192.72000
3498       2739131.26000
3499       2742071.97000
3500       2745014.85000