   1             2.26055
   2             4.12743
   3             6.00874
   4             7.89337
   5             9.77927
   6            11.66581
   7            13.55271
   8            15.43983
   9            17.32710
  10            19.21448
  11            21.10193
  12            22.98945
  13            24.87701
  14            26.76461
  15            28.65224
  16            30.53989
  17            32.42757
  18            34.31527
  19            36.20299
  20            38.09072
  21            39.97846
  22            41.86622
  23            43.75398
  24            45.64176
  25            47.52955
  26            49.41735
  27            51.30515
  28            53.19297
  29            55.08079
  30            56.96862
  31            58.85645
  32            60.74430
  33            62.63215
  34            64.52000
  35            66.40787
  36            68.29574
  37            70.18361
  38            72.07149
  39            73.95938
  40            75.84727
  41            77.73517
  42            79.62308
  43            81.51099
  44            83.39890
  45            85.28682
  46            87.17475
  47            89.06268
  48            90.95062
  49            92.83856
  50            94.72651
  51            96.61446
  52            98.50242
  53           100.39038
  54           102.27836
  55           104.16633
  56           106.05431
  57           107.94230
  58           109.83029
  59           111.71829
  60           113.60629
  61           115.49430
  62           117.38232
  63           119.27035
  64           121.15839
  65           123.04643
  66           124.93449
  67           126.82255
  68           128.71063
  69           130.59872
  70           132.48683
  71           134.37496
  72           136.26310
  73           138.15126
  74           140.03945
  75           141.92767
  76           143.81591
  77           145.70419
  78           147.59250
  79           149.48085
  80           151.36925
  81           153.25770
  82           155.14620
  83           157.03476
  84           158.92339
  85           160.81209
  86           162.70087
  87           164.58973
  88           166.47870
  89           168.36776
  90           170.25694
  91           172.14624
  92           174.03568
  93           175.92526
  94           177.81499
  95           179.70489
  96           181.59497
  97           183.48524
  98           185.37572
  99           187.26642
 100           189.15736
 101           191.04855
 102           192.94001
 103           194.83176
 104           196.72381
 105           198.61618
 106           200.50889
 107           202.40197
 108           204.29543
 109           206.18929
 110           208.08358
 111           209.97832
 112           211.87353
 113           213.76923
 114           215.66545
 115           217.56222
 116           219.45956
 117           221.35750
 118           223.25606
 119           225.15527
 120           227.05517
 121           228.95577
 122           230.85711
 123           232.75922
 124           234.66213
 125           236.56587
 126           238.47047
 127           240.37597
 128           242.28240
 129           244.18978
 130           246.09816
 131           248.00757
 132           249.91804
 133           251.82961
 134           253.74231
 135           255.65619
 136           257.57127
 137           259.48759
 138           261.40520
 139           263.32412
 140           265.24440
 141           267.16607
 142           269.08918
 143           271.01376
 144           272.93985
 145           274.86749
 146           276.79672
 147           278.72758
 148           280.66012
 149           282.59436
 150           284.53036
 151           286.46815
 152           288.40778
 153           290.34928
 154           292.29270
 155           294.23808
 156           296.18546
 157           298.13489
 158           300.08640
 159           302.04004
 160           303.99586
 161           305.95388
 162           307.91416
 163           309.87675
 164           311.84167
 165           313.80898
 166           315.77871
 167           317.75092
 168           319.72564
 169           321.70292
 170           323.68280
 171           325.66532
 172           327.65053
 173           329.63848
 174           331.62919
 175           333.62272
 176           335.61911
 177           337.61840
 178           339.62064
 179           341.62586
 180           343.63412
 181           345.64545
 182           347.65990
 183           349.67751
 184           351.69833
 185           353.72239
 186           355.74974
 187           357.78042
 188           359.81447
 189           361.85194
 190           363.89287
 191           365.93730
 192           367.98527
 193           370.03683
 194           372.09202
 195           374.15087
 196           376.21344
 197           378.27975
 198           380.34986
 199           382.42381
 200           384.50163
 201           386.58337
 202           388.66907
 203           390.75876
 204           392.85250
 205           394.95032
 206           397.05226
 207           399.15836
 208           401.26866
 209           403.38321
 210           405.50204
 211           407.62519
 212           409.75270
 213           411.88461
 214           414.02097
 215           416.16180
 216           418.30716
 217           420.45707
 218           422.61158
 219           424.77072
 220           426.93454
 221           429.10308
 222           431.27636
 223           433.45444
 224           435.63734
 225           437.82511
 226           440.01779
 227           442.21540
 228           444.41800
 229           446.62561
 230           448.83827
 231           451.05602
 232           453.27891
 233           455.50695
 234           457.74020
 235           459.97869
 236           462.22245
 237           464.47152
 238           466.72594
 239           468.98574
 240           471.25096
 241           473.52163
 242           475.79780
 243           478.07949
 244           480.36674
 245           482.65959
 246           484.95807
 247           487.26222
 248           489.57207
 249           491.88766
 250           494.20902
 251           496.53618
 252           498.86918
 253           501.20806
 254           503.55285
 255           505.90358
 256           508.26029
 257           510.62301
 258           512.99178
 259           515.36662
 260           517.74757
 261           520.13468
 262           522.52795
 263           524.92745
 264           527.33318
 265           529.74520
 266           532.16353
 267           534.58820
 268           537.01924
 269           539.45670
 270           541.90060
 271           544.35097
 272           546.80786
 273           549.27127
 274           551.74127
 275           554.21786
 276           556.70109
 277           559.19099
 278           561.68759
 279           564.19091
 280           566.70100
 281           569.21789
 282           571.74160
 283           574.27217
 284           576.80962
 285           579.35400
 286           581.90533
 287           584.46364
 288           587.02896
 289           589.60132
 290           592.18077
 291           594.76731
 292           597.36100
 293           599.96185
 294           602.56990
 295           605.18518
 296           607.80771
 297           610.43754
 298           613.07469
 299           615.71918
 300           618.37106
 301           621.03035
 302           623.69707
 303           626.37127
 304           629.05297
 305           631.74220
 306           634.43899
 307           637.14337
 308           639.85538
 309           642.57503
 310           645.30236
 311           648.03740
 312           650.78018
 313           653.53073
 314           656.28908
 315           659.05525
 316           661.82929
 317           664.61121
 318           667.40104
 319           670.19882
 320           673.00457
 321           675.81833
 322           678.64012
 323           681.46997
 324           684.30792
 325           687.15398
 326           690.00820
 327           692.87059
 328           695.74119
 329           698.62002
 330           701.50712
 331           704.40252
 332           707.30624
 333           710.21831
 334           713.13876
 335           716.06762
 336           719.00492
 337           721.95068
 338           724.90494
 339           727.86773
 340           730.83907
 341           733.81898
 342           736.80751
 343           739.80468
 344           742.81052
 345           745.82505
 346           748.84831
 347           751.88032
 348           754.92111
 349           757.97071
 350           761.02915
 351           764.09646
 352           767.17266
 353           770.25779
 354           773.35187
 355           776.45493
 356           779.56700
 357           782.68811
 358           785.81828
 359           788.95755
 360           792.10594
 361           795.26348
 362           798.43021
 363           801.60614
 364           804.79130
 365           807.98573
 366           811.18946
 367           814.40250
 368           817.62490
 369           820.85667
 370           824.09785
 371           827.34846
 372           830.60854
 373           833.87811
 374           837.15720
 375           840.44583
 376           843.74404
 377           847.05186
 378           850.36931
 379           853.69642
 380           857.03322
 381           860.37974
 382           863.73600
 383           867.10204
 384           870.47788
 385           873.86356
 386           877.25909
 387           880.66451
 388           884.07985
 389           887.50513
 390           890.94039
 391           894.38564
 392           897.84093
 393           901.30628
 394           904.78171
 395           908.26726
 396           911.76295
 397           915.26882
 398           918.78488
 399           922.31118
 400           925.84773
 401           929.39457
 402           932.95173
 403           936.51922
 404           940.09709
 405           943.68537
 406           947.28406
 407           950.89322
 408           954.51287
 409           958.14302
 410           961.78373
 411           965.43500
 412           969.09688
 413           972.76939
 414           976.45255
 415           980.14640
 416           983.85097
 417           987.56628
 418           991.29237
 419           995.02926
 420           998.77698
 421          1002.53556
 422          1006.30503
 423          1010.08542
 424          1013.87675
 425          1017.67906
 426          1021.49238
 427          1025.31673
 428          1029.15214
 429          1032.99865
 430          1036.85627
 431          1040.72505
 432          1044.60500
 433          1048.49616
 434          1052.39856
 435          1056.31223
 436          1060.23719
 437          1064.17348
 438          1068.12113
 439          1072.08015
 440          1076.05059
 441          1080.03247
 442          1084.02583
 443          1088.03068
 444          1092.04707
 445          1096.07501
 446          1100.11455
 447          1104.16570
 448          1108.22851
 449          1112.30299
 450          1116.38918
 451          1120.48711
 452          1124.59680
 453          1128.71829
 454          1132.85161
 455          1136.99678
 456          1141.15384
 457          1145.32282
 458          1149.50374
 459          1153.69664
 460          1157.90154
 461          1162.11848
 462          1166.34748
 463          1170.58858
 464          1174.84181
 465          1179.10719
 466          1183.38475
 467          1187.67453
 468          1191.97656
 469          1196.29087
 470          1200.61748
 471          1204.95643
 472          1209.30774
 473          1213.67145
 474          1218.04759
 475          1222.43619
 476          1226.83728
 477          1231.25088
 478          1235.67704
 479          1240.11578
 480          1244.56712
 481          1249.03111
 482          1253.50777
 483          1257.99713
 484          1262.49923
 485          1267.01409
 486          1271.54175
 487          1276.08223
 488          1280.63557
 489          1285.20180
 490          1289.78094
 491          1294.37304
 492          1298.97812
 493          1303.59621
 494          1308.22734
 495          1312.87154
 496          1317.52885
 497          1322.19930
 498          1326.88292
 499          1331.57973
 500          1336.28978
 501          1341.01309
 502          1345.74969
 503          1350.49961
 504          1355.26289
 505          1360.03956
 506          1364.82965
 507          1369.63319
 508          1374.45022
 509          1379.28076
 510          1384.12484
 511          1388.98250
 512          1393.85377
 513          1398.73869
 514          1403.63728
 515          1408.54957
 516          1413.47560
 517          1418.41540
 518          1423.36901
 519          1428.33644
 520          1433.31775
 521          1438.31295
 522          1443.32208
 523          1448.34517
 524          1453.38227
 525          1458.43338
 526          1463.49856
 527          1468.57783
 528          1473.67123
 529          1478.77878
 530          1483.90053
 531          1489.03649
 532          1494.18671
 533          1499.35122
 534          1504.53006
 535          1509.72324
 536          1514.93081
 537          1520.15281
 538          1525.38925
 539          1530.64018
 540          1535.90563
 541          1541.18563
 542          1546.48022
 543          1551.78943
 544          1557.11328
 545          1562.45182
 546          1567.80508
 547          1573.17309
 548          1578.55589
 549          1583.95350
 550          1589.36597
 551          1594.79332
 552          1600.23559
 553          1605.69281
 554          1611.16502
 555          1616.65225
 556          1622.15453
 557          1627.67190
 558          1633.20439
 559          1638.75204
 560          1644.31488
 561          1649.89294
 562          1655.48626
 563          1661.09487
 564          1666.71880
 565          1672.35810
 566          1678.01279
 567          1683.68291
 568          1689.36849
 569          1695.06957
 570          1700.78618
 571          1706.51835
 572          1712.26613
 573          1718.02955
 574          1723.80863
 575          1729.60342
 576          1735.41395
 577          1741.24025
 578          1747.08236
 579          1752.94032
 580          1758.81415
 581          1764.70390
 582          1770.60960
 583          1776.53128
 584          1782.46899
 585          1788.42274
 586          1794.39259
 587          1800.37856
 588          1806.38069
 589          1812.39902
 590          1818.43358
 591          1824.48440
 592          1830.55153
 593          1836.63500
 594          1842.73484
 595          1848.85108
 596          1854.98378
 597          1861.13295
 598          1867.29864
 599          1873.48088
 600          1879.67971
 601          1885.89517
 602          1892.12729
 603          1898.37610
 604          1904.64164
 605          1910.92396
 606          1917.22308
 607          1923.53904
 608          1929.87187
 609          1936.22163
 610          1942.58833
 611          1948.97202
 612          1955.37273
 613          1961.79051
 614          1968.22538
 615          1974.67738
 616          1981.14656
 617          1987.63294
 618          1994.13656
 619          2000.65747
 620          2007.19570
 621          2013.75128
 622          2020.32425
 623          2026.91465
 624          2033.52252
 625          2040.14789
 626          2046.79080
 627          2053.45129
 628          2060.12940
 629          2066.82516
 630          2073.53861
 631          2080.26979
 632          2087.01873
 633          2093.78548
 634          2100.57007
 635          2107.37254
 636          2114.19292
 637          2121.03126
 638          2127.88759
 639          2134.76196
 640          2141.65439
 641          2148.56492
 642          2155.49361
 643          2162.44047
 644          2169.40556
 645          2176.38891
 646          2183.39055
 647          2190.41053
 648          2197.44889
 649          2204.50565
 650          2211.58087
 651          2218.67459
 652          2225.78683
 653          2232.91763
 654          2240.06705
 655          2247.23511
 656          2254.42185
 657          2261.62732
 658          2268.85155
 659          2276.09459
 660          2283.35646
 661          2290.63721
 662          2297.93689
 663          2305.25552
 664          2312.59314
 665          2319.94981
 666          2327.32555
 667          2334.72041
 668          2342.13442
 669          2349.56763
 670          2357.02008
 671          2364.49179
 672          2371.98283
 673          2379.49321
 674          2387.02300
 675          2394.57221
 676          2402.14090
 677          2409.72911
 678          2417.33686
 679          2424.96422
 680          2432.61120
 681          2440.27787
 682          2447.96424
 683          2455.67038
 684          2463.39631
 685          2471.14208
 686          2478.90772
 687          2486.69328
 688          2494.49880
 689          2502.32432
 690          2510.16988
 691          2518.03552
 692          2525.92129
 693          2533.82721
 694          2541.75335
 695          2549.69972
 696          2557.66638
 697          2565.65337
 698          2573.66073
 699          2581.68850
 700          2589.73672
 701          2597.80543
 702          2605.89467
 703          2614.00450
 704          2622.13494
 705          2630.28603
 706          2638.45783
 707          2646.65037
 708          2654.86370
 709          2663.09785
 710          2671.35287
 711          2679.62880
 712          2687.92569
 713          2696.24356
 714          2704.58248
 715          2712.94247
 716          2721.32358
 717          2729.72586
 718          2738.14934
 719          2746.59408
 720          2755.06010
 721          2763.54745
 722          2772.05619
 723          2780.58634
 724          2789.13795
 725          2797.71106
 726          2806.30573
 727          2814.92198
 728          2823.55987
 729          2832.21943
 730          2840.90071
 731          2849.60376
 732          2858.32861
 733          2867.07531
 734          2875.84390
 735          2884.63443
 736          2893.44694
 737          2902.28147
 738          2911.13806
 739          2920.01677
 740          2928.91763
 741          2937.84069
 742          2946.78599
 743          2955.75357
 744          2964.74348
 745          2973.75577
 746          2982.79047
 747          2991.84764
 748          3000.92731
 749          3010.02953
 750          3019.15434
 751          3028.30179
 752          3037.47193
 753          3046.66479
 754          3055.88043
 755          3065.11888
 756          3074.38019
 757          3083.66441
 758          3092.97157
 759          3102.30174
 760          3111.65494
 761          3121.03123
 762          3130.43065
 763          3139.85325
 764          3149.29906
 765          3158.76814
 766          3168.26054
 767          3177.77629
 768          3187.31544
 769          3196.87803
 770          3206.46412
 771          3216.07375
 772          3225.70697
 773          3235.36381
 774          3245.04433
 775          3254.74857
 776          3264.47657
 777          3274.22839
 778          3284.00407
 779          3293.80365
 780          3303.62718
 781          3313.47472
 782          3323.34629
 783          3333.24196
 784          3343.16176
 785          3353.10574
 786          3363.07395
 787          3373.06644
 788          3383.08325
 789          3393.12443
 790          3403.19003
 791          3413.28009
 792          3423.39465
 793          3433.53378
 794          3443.69751
 795          3453.88588
 796          3464.09896
 797          3474.33678
 798          3484.59939
 799          3494.88684
 800          3505.19918
 801          3515.53645
 802          3525.89870
 803          3536.28598
 804          3546.69834
 805          3557.13582
 806          3567.59848
 807          3578.08635
 808          3588.59949
 809          3599.13795
 810          3609.70177
 811          3620.29100
 812          3630.90569
 813          3641.54589
 814          3652.21165
 815          3662.90301
 816          3673.62002
 817          3684.36274
 818          3695.13120
 819          3705.92546
 820          3716.74557
 821          3727.59157
 822          3738.46352
 823          3749.36146
 824          3760.28545
 825          3771.23552
 826          3782.21173
 827          3793.21414
 828          3804.24278
 829          3815.29770
 830          3826.37897
 831          3837.48662
 832          3848.62070
 833          3859.78127
 834          3870.96838
 835          3882.18206
 836          3893.42238
 837          3904.68939
 838          3915.98312
 839          3927.30364
 840          3938.65099
 841          3950.02523
 842          3961.42639
 843          3972.85454
 844          3984.30972
 845          3995.79198
 846          4007.30138
 847          4018.83796
 848          4030.40177
 849          4041.99287
 850          4053.61130
 851          4065.25712
 852          4076.93037
 853          4088.63112
 854          4100.35939
 855          4112.11526
 856          4123.89877
 857          4135.70996
 858          4147.54890
 859          4159.41563
 860          4171.31021
 861          4183.23267
 862          4195.18309
 863          4207.16150
 864          4219.16796
 865          4231.20253
 866          4243.26524
 867          4255.35616
 868          4267.47533
 869          4279.62281
 870          4291.79865
 871          4304.00290
 872          4316.23562
 873          4328.49684
 874          4340.78664
 875          4353.10505
 876          4365.45214
 877          4377.82795
 878          4390.23253
 879          4402.66595
 880          4415.12824
 881          4427.61947
 882          4440.13969
 883          4452.68894
 884          4465.26729
 885          4477.87478
 886          4490.51146
 887          4503.17740
 888          4515.87264
 889          4528.59724
 890          4541.35124
 891          4554.13471
 892          4566.94769
 893          4579.79025
 894          4592.66243
 895          4605.56428
 896          4618.49586
 897          4631.45723
 898          4644.44843
 899          4657.46952
 900          4670.52056
 901          4683.60160
 902          4696.71269
 903          4709.85389
 904          4723.02524
 905          4736.22681
 906          4749.45865
 907          4762.72082
 908          4776.01336
 909          4789.33633
 910          4802.68979
 911          4816.07379
 912          4829.48839
 913          4842.93363
 914          4856.40959
 915          4869.91630
 916          4883.45382
 917          4897.02222
 918          4910.62154
 919          4924.25184
 920          4937.91318
 921          4951.60561
 922          4965.32918
 923          4979.08395
 924          4992.86998
 925          5006.68732
 926          5020.53603
 927          5034.41616
 928          5048.32777
 929          5062.27092
 930          5076.24565
 931          5090.25203
 932          5104.29012
 933          5118.35996
 934          5132.46162
 935          5146.59514
 936          5160.76060
 937          5174.95804
 938          5189.18751
 939          5203.44909
 940          5217.74281
 941          5232.06875
 942          5246.42695
 943          5260.81747
 944          5275.24038
 945          5289.69571
 946          5304.18355
 947          5318.70393
 948          5333.25692
 949          5347.84257
 950          5362.46095
 951          5377.11210
 952          5391.79609
 953          5406.51298
 954          5421.26281
 955          5436.04566
 956          5450.86157
 957          5465.71060
 958          5480.59282
 959          5495.50828
 960          5510.45703
 961          5525.43914
 962          5540.45466
 963          5555.50366
 964          5570.58618
 965          5585.70229
 966          5600.85205
 967          5616.03551
 968          5631.25274
 969          5646.50379
 970          5661.78872
 971          5677.10759
 972          5692.46045
 973          5707.84738
 974          5723.26841
 975          5738.72363
 976          5754.21307
 977          5769.73681
 978          5785.29490
 979          5800.88740
 980          5816.51437
 981          5832.17588
 982          5847.87197
 983          5863.60270
 984          5879.36815
 985          5895.16837
 986          5911.00341
 987          5926.87334
 988          5942.77822
 989          5958.71810
 990          5974.69305
 991          5990.70313
 992          6006.74840
 993          6022.82891
 994          6038.94473
 995          6055.09592
 996          6071.28254
 997          6087.50465
 998          6103.76230
 999          6120.05557
1000          6136.38451
1001          6152.74918
1002          6169.14964
1003          6185.58596
1004          6202.05819
1005          6218.56640
1006          6235.11064
1007          6251.69099
1008          6268.30749
1009          6284.96021
1010          6301.64922
1011          6318.37456
1012          6335.13632
1013          6351.93454
1014          6368.76929
1015          6385.64063
1016          6402.54862
1017          6419.49333
1018          6436.47481
1019          6453.49313
1020          6470.54835
1021          6487.64054
1022          6504.76974
1023          6521.93604
1024          6539.13949
1025          6556.38014
1026          6573.65808
1027          6590.97335
1028          6608.32602
1029          6625.71615
1030          6643.14381
1031          6660.60906
1032          6678.11196
1033          6695.65257
1034          6713.23096
1035          6730.84720
1036          6748.50134
1037          6766.19344
1038          6783.92358
1039          6801.69181
1040          6819.49820
1041          6837.34282
1042          6855.22572
1043          6873.14697
1044          6891.10663
1045          6909.10477
1046          6927.14145
1047          6945.21674
1048          6963.33069
1049          6981.48339
1050          6999.67488
1051          7017.90523
1052          7036.17451
1053          7054.48278
1054          7072.83011
1055          7091.21656
1056          7109.64219
1057          7128.10708
1058          7146.61128
1059          7165.15486
1060          7183.73789
1061          7202.36043
1062          7221.02255
1063          7239.72430
1064          7258.46576
1065          7277.24700
1066          7296.06807
1067          7314.92905
1068          7333.82999
1069          7352.77097
1070          7371.75205
1071          7390.77329
1072          7409.83477
1073          7428.93655
1074          7448.07869
1075          7467.26126
1076          7486.48433
1077          7505.74795
1078          7525.05221
1079          7544.39717
1080          7563.78289
1081          7583.20943
1082          7602.67687
1083          7622.18528
1084          7641.73471
1085          7661.32524
1086          7680.95693
1087          7700.62986
1088          7720.34408
1089          7740.09966
1090          7759.89668
1091          7779.73519
1092          7799.61527
1093          7819.53699
1094          7839.50041
1095          7859.50559
1096          7879.55262
1097          7899.64155
1098          7919.77245
1099          7939.94539
1100          7960.16044
1101          7980.41767
1102          8000.71714
1103          8021.05893
1104          8041.44310
1105          8061.86971
1106          8082.33885
1107          8102.85057
1108          8123.40495
1109          8144.00205
1110          8164.64195
1111          8185.32471
1112          8206.05040
1113          8226.81909
1114          8247.63084
1115          8268.48574
1116          8289.38384
1117          8310.32522
1118          8331.30995
1119          8352.33809
1120          8373.40972
1121          8394.52490
1122          8415.68371
1123          8436.88621
1124          8458.13247
1125          8479.42257
1126          8500.75657
1127          8522.13455
1128          8543.55657
1129          8565.02271
1130          8586.53303
1131          8608.08760
1132          8629.68650
1133          8651.32980
1134          8673.01757
1135          8694.74987
1136          8716.52678
1137          8738.34836
1138          8760.21470
1139          8782.12586
1140          8804.08191
1141          8826.08293
1142          8848.12897
1143          8870.22013
1144          8892.35646
1145          8914.53804
1146          8936.76494
1147          8959.03723
1148          8981.35498
1149          9003.71827
1150          9026.12717
1151          9048.58174
1152          9071.08207
1153          9093.62822
1154          9116.22026
1155          9138.85827
1156          9161.54232
1157          9184.27249
1158          9207.04883
1159          9229.87144
1160          9252.74037
1161          9275.65570
1162          9298.61751
1163          9321.62587
1164          9344.68085
1165          9367.78252
1166          9390.93096
1167          9414.12624
1168          9437.36843
1169          9460.65761
1170          9483.99385
1171          9507.37722
1172          9530.80780
1173          9554.28565
1174          9577.81087
1175          9601.38351
1176          9625.00365
1177          9648.67137
1178          9672.38674
1179          9696.14983
1180          9719.96072
1181          9743.81948
1182          9767.72619
1183          9791.68092
1184          9815.68374
1185          9839.73473
1186          9863.83397
1187          9887.98153
1188          9912.17748
1189          9936.42190
1190          9960.71487
1191          9985.05645
1192         10009.44670
1193         10033.88580
1194         10058.37370
1195         10082.91050
1196         10107.49630
1197         10132.13120
1198         10156.81520
1199         10181.54840
1200         10206.33100
1201         10231.16290
1202         10256.04430
1203         10280.97520
1204         10305.95570
1205         10330.98580
1206         10356.06570
1207         10381.19550
1208         10406.37520
1209         10431.60480
1210         10456.88450
1211         10482.21430
1212         10507.59440
1213         10533.02470
1214         10558.50540
1215         10584.03660
1216         10609.61830
1217         10635.25050
1218         10660.93350
1219         10686.66720
1220         10712.45170
1221         10738.28710
1222         10764.17350
1223         10790.11100
1224         10816.09960
1225         10842.13950
1226         10868.23060
1227         10894.37310
1228         10920.56700
1229         10946.81250
1230         10973.10960
1231         10999.45840
1232         11025.85890
1233         11052.31130
1234         11078.81560
1235         11105.37190
1236         11131.98020
1237         11158.64080
1238         11185.35350
1239         11212.11860
1240         11238.93600
1241         11265.80600
1242         11292.72850
1243         11319.70360
1244         11346.73140
1245         11373.81200
1246         11400.94550
1247         11428.13190
1248         11455.37140
1249         11482.66390
1250         11510.00970
1251         11537.40870
1252         11564.86100
1253         11592.36680
1254         11619.92610
1255         11647.53900
1256         11675.20550
1257         11702.92580
1258         11730.69990
1259         11758.52790
1260         11786.40990
1261         11814.34600
1262         11842.33620
1263         11870.38070
1264         11898.47940
1265         11926.63260
1266         11954.84020
1267         11983.10240
1268         12011.41920
1269         12039.79070
1270         12068.21700
1271         12096.69820
1272         12125.23440
1273         12153.82560
1274         12182.47190
1275         12211.17350
1276         12239.93030
1277         12268.74250
1278         12297.61010
1279         12326.53330
1280         12355.51210
1281         12384.54660
1282         12413.63680
1283         12442.78290
1284         12471.98500
1285         12501.24310
1286         12530.55730
1287         12559.92770
1288         12589.35440
1289         12618.83740
1290         12648.37690
1291         12677.97290
1292         12707.62550
1293         12737.33480
1294         12767.10090
1295         12796.92380
1296         12826.80370
1297         12856.74060
1298         12886.73450
1299         12916.78570
1300         12946.89420
1301         12977.06000
1302         13007.28330
1303         13037.56410
1304         13067.90250
1305         13098.29860
1306         13128.75250
1307         13159.26420
1308         13189.83390
1309         13220.46160
1310         13251.14750
1311         13281.89150
1312         13312.69390
1313         13343.55460
1314         13374.47370
1315         13405.45150
1316         13436.48780
1317         13467.58280
1318         13498.73670
1319         13529.94940
1320         13561.22110
1321         13592.55180
1322         13623.94170
1323         13655.39080
1324         13686.89930
1325         13718.46710
1326         13750.09440
1327         13781.78120
1328         13813.52780
1329         13845.33400
1330         13877.20010
1331         13909.12610
1332         13941.11220
1333         13973.15820
1334         14005.26450
1335         14037.43100
1336         14069.65790
1337         14101.94520
1338         14134.29310
1339         14166.70150
1340         14199.17060
1341         14231.70050
1342         14264.29130
1343         14296.94300
1344         14329.65580
1345         14362.42970
1346         14395.26490
1347         14428.16130
1348         14461.11910
1349         14494.13850
1350         14527.21930
1351         14560.36190
1352         14593.56620
1353         14626.83230
1354         14660.16030
1355         14693.55040
1356         14727.00260
1357         14760.51690
1358         14794.09350
1359         14827.73250
1360         14861.43390
1361         14895.19790
1362         14929.02450
1363         14962.91390
1364         14996.86600
1365         15030.88110
1366         15064.95910
1367         15099.10020
1368         15133.30450
1369         15167.57200
1370         15201.90290
1371         15236.29720
1372         15270.75510
1373         15305.27650
1374         15339.86170
1375         15374.51060
1376         15409.22350
1377         15444.00030
1378         15478.84120
1379         15513.74620
1380         15548.71550
1381         15583.74920
1382         15618.84720
1383         15654.00980
1384         15689.23700
1385         15724.52890
1386         15759.88560
1387         15795.30710
1388         15830.79360
1389         15866.34520
1390         15901.96200
1391         15937.64400
1392         15973.39130
1393         16009.20410
1394         16045.08240
1395         16081.02630
1396         16117.03590
1397         16153.11130
1398         16189.25270
1399         16225.45990
1400         16261.73330
1401         16298.07280
1402         16334.47860
1403         16370.95070
1404         16407.48930
1405         16444.09440
1406         16480.76620
1407         16517.50460
1408         16554.30990
1409         16591.18210
1410         16628.12120
1411         16665.12750
1412         16702.20100
1413         16739.34170
1414         16776.54980
1415         16813.82540
1416         16851.16850
1417         16888.57930
1418         16926.05790
1419         16963.60430
1420         17001.21860
1421         17038.90090
1422         17076.65140
1423         17114.47000
1424         17152.35700
1425         17190.31240
1426         17228.33630
1427         17266.42880
1428         17304.59000
1429         17342.81990
1430         17381.11880
1431         17419.48660
1432         17457.92350
1433         17496.42950
1434         17535.00480
1435         17573.64940
1436         17612.36350
1437         17651.14720
1438         17690.00040
1439         17728.92340
1440         17767.91630
1441         17806.97900
1442         17846.11180
1443         17885.31470
1444         17924.58780
1445         17963.93120
1446         18003.34510
1447         18042.82940
1448         18082.38430
1449         18122.00990
1450         18161.70630
1451         18201.47360
1452         18241.31190
1453         18281.22120
1454         18321.20170
1455         18361.25350
1456         18401.37670
1457         18441.57130
1458         18481.83750
1459         18522.17540
1460         18562.58500
1461         18603.06650
1462         18643.61990
1463         18684.24530
1464         18724.94300
1465         18765.71280
1466         18806.55500
1467         18847.46970
1468         18888.45690
1469         18929.51670
1470         18970.64920
1471         19011.85460
1472         19053.13300
1473         19094.48430
1474         19135.90880
1475         19177.40650
1476         19218.97750
1477         19260.62200
1478         19302.34000
1479         19344.13160
1480         19385.99690
1481         19427.93600
1482         19469.94910
1483         19512.03620
1484         19554.19740
1485         19596.43280
1486         19638.74250
1487         19681.12670
1488         19723.58540
1489         19766.11860
1490         19808.72660
1491         19851.40940
1492         19894.16720
1493         19936.99990
1494         19979.90780
1495         20022.89080
1496         20065.94920
1497         20109.08300
1498         20152.29240
1499         20195.57730
1500         20238.93800
1501         20282.37440
1502         20325.88680
1503         20369.47530
1504         20413.13980
1505         20456.88060
1506         20500.69770
1507         20544.59120
1508         20588.56120
1509         20632.60790
1510         20676.73130
1511         20720.93150
1512         20765.20870
1513         20809.56290
1514         20853.99420
1515         20898.50280
1516         20943.08870
1517         20987.75210
1518         21032.49300
1519         21077.31150
1520         21122.20790
1521         21167.18200
1522         21212.23410
1523         21257.36430
1524         21302.57260
1525         21347.85920
1526         21393.22420
1527         21438.66760
1528         21484.18960
1529         21529.79030
1530         21575.46980
1531         21621.22810
1532         21667.06550
1533         21712.98190
1534         21758.97750
1535         21805.05240
1536         21851.20670
1537         21897.44050
1538         21943.75400
1539         21990.14710
1540         22036.62010
1541         22083.17300
1542         22129.80590
1543         22176.51890
1544         22223.31220
1545         22270.18580
1546         22317.13980
1547         22364.17440
1548         22411.28970
1549         22458.48570
1550         22505.76250
1551         22553.12040
1552         22600.55930
1553         22648.07940
1554         22695.68080
1555         22743.36350
1556         22791.12780
1557         22838.97370
1558         22886.90120
1559         22934.91060
1560         22983.00190
1561         23031.17520
1562         23079.43070
1563         23127.76840
1564         23176.18840
1565         23224.69090
1566         23273.27590
1567         23321.94360
1568         23370.69410
1569         23419.52740
1570         23468.44380
1571         23517.44320
1572         23566.52580
1573         23615.69170
1574         23664.94100
1575         23714.27380
1576         23763.69030
1577         23813.19050
1578         23862.77450
1579         23912.44250
1580         23962.19450
1581         24012.03070
1582         24061.95120
1583         24111.95600
1584         24162.04530
1585         24212.21920
1586         24262.47780
1587         24312.82130
1588         24363.24960
1589         24413.76300
1590         24464.36150
1591         24515.04520
1592         24565.81430
1593         24616.66890
1594         24667.60900
1595         24718.63480
1596         24769.74640
1597         24820.94390
1598         24872.22740
1599         24923.59700
1600         24975.05280
1601         25026.59500
1602         25078.22360
1603         25129.93870
1604         25181.74060
1605         25233.62920
1606         25285.60460
1607         25337.66710
1608         25389.81670
1609         25442.05340
1610         25494.37750
1611         25546.78910
1612         25599.28820
1613         25651.87490
1614         25704.54940
1615         25757.31170
1616         25810.16210
1617         25863.10050
1618         25916.12720
1619         25969.24220
1620         26022.44560
1621         26075.73750
1622         26129.11810
1623         26182.58740
1624         26236.14570
1625         26289.79290
1626         26343.52920
1627         26397.35470
1628         26451.26950
1629         26505.27380
1630         26559.36760
1631         26613.55110
1632         26667.82430
1633         26722.18740
1634         26776.64050
1635         26831.18380
1636         26885.81720
1637         26940.54090
1638         26995.35510
1639         27050.25990
1640         27105.25530
1641         27160.34150
1642         27215.51860
1643         27270.78670
1644         27326.14590
1645         27381.59640
1646         27437.13820
1647         27492.77150
1648         27548.49630
1649         27604.31280
1650         27660.22110
1651         27716.22140
1652         27772.31360
1653         27828.49800
1654         27884.77470
1655         27941.14370
1656         27997.60520
1657         28054.15930
1658         28110.80620
1659         28167.54580
1660         28224.37840
1661         28281.30400
1662         28338.32280
1663         28395.43490
1664         28452.64040
1665         28509.93950
1666         28567.33210
1667         28624.81850
1668         28682.39870
1669         28740.07290
1670         28797.84130
1671         28855.70380
1672         28913.66060
1673         28971.71190
1674         29029.85770
1675         29088.09820
1676         29146.43350
1677         29204.86370
1678         29263.38890
1679         29322.00920
1680         29380.72480
1681         29439.53570
1682         29498.44210
1683         29557.44420
1684         29616.54190
1685         29675.73550
1686         29735.02500
1687         29794.41060
1688         29853.89230
1689         29913.47040
1690         29973.14480
1691         30032.91580
1692         30092.78350
1693         30152.74790
1694         30212.80920
1695         30272.96750
1696         30333.22290
1697         30393.57560
1698         30454.02560
1699         30514.57310
1700         30575.21820
1701         30635.96100
1702         30696.80160
1703         30757.74010
1704         30818.77670
1705         30879.91150
1706         30941.14460
1707         31002.47610
1708         31063.90620
1709         31125.43490
1710         31187.06230
1711         31248.78870
1712         31310.61410
1713         31372.53860
1714         31434.56240
1715         31496.68550
1716         31558.90810
1717         31621.23030
1718         31683.65220
1719         31746.17400
1720         31808.79580
1721         31871.51760
1722         31934.33970
1723         31997.26200
1724         32060.28490
1725         32123.40820
1726         32186.63230
1727         32249.95710
1728         32313.38290
1729         32376.90980
1730         32440.53780
1731         32504.26700
1732         32568.09770
1733         32632.03000
1734         32696.06380
1735         32760.19940
1736         32824.43700
1737         32888.77650
1738         32953.21820
1739         33017.76210
1740         33082.40840
1741         33147.15720
1742         33212.00860
1743         33276.96270
1744         33342.01970
1745         33407.17970
1746         33472.44270
1747         33537.80910
1748         33603.27870
1749         33668.85180
1750         33734.52850
1751         33800.30900
1752         33866.19320
1753         33932.18140
1754         33998.27370
1755         34064.47020
1756         34130.77100
1757         34197.17630
1758         34263.68610
1759         34330.30070
1760         34397.02000
1761         34463.84430
1762         34530.77360
1763         34597.80820
1764         34664.94800
1765         34732.19330
1766         34799.54410
1767         34867.00060
1768         34934.56290
1769         35002.23110
1770         35070.00540
1771         35137.88590
1772         35205.87260
1773         35273.96580
1774         35342.16550
1775         35410.47190
1776         35478.88500
1777         35547.40510
1778         35616.03220
1779         35684.76650
1780         35753.60810
1781         35822.55710
1782         35891.61370
1783         35960.77790
1784         36030.04990
1785         36099.42980
1786         36168.91770
1787         36238.51380
1788         36308.21820
1789         36378.03100
1790         36447.95240
1791         36517.98240
1792         36588.12120
1793         36658.36890
1794         36728.72570
1795         36799.19160
1796         36869.76680
1797         36940.45150
1798         37011.24570
1799         37082.14950
1800         37153.16320
1801         37224.28680
1802         37295.52040
1803         37366.86420
1804         37438.31830
1805         37509.88290
1806         37581.55800
1807         37653.34380
1808         37725.24030
1809         37797.24790
1810         37869.36650
1811         37941.59620
1812         38013.93730
1813         38086.38990
1814         38158.95400
1815         38231.62980
1816         38304.41740
1817         38377.31700
1818         38450.32870
1819         38523.45260
1820         38596.68880
1821         38670.03750
1822         38743.49870
1823         38817.07270
1824         38890.75960
1825         38964.55940
1826         39038.47230
1827         39112.49850
1828         39186.63800
1829         39260.89100
1830         39335.25760
1831         39409.73800
1832         39484.33220
1833         39559.04050
1834         39633.86290
1835         39708.79950
1836         39783.85050
1837         39859.01610
1838         39934.29630
1839         40009.69130
1840         40085.20120
1841         40160.82610
1842         40236.56620
1843         40312.42160
1844         40388.39240
1845         40464.47880
1846         40540.68090
1847         40616.99870
1848         40693.43250
1849         40769.98240
1850         40846.64850
1851         40923.43100
1852         41000.32990
1853         41077.34530
1854         41154.47760
1855         41231.72660
1856         41309.09270
1857         41386.57590
1858         41464.17630
1859         41541.89410
1860         41619.72940
1861         41697.68240
1862         41775.75310
1863         41853.94170
1864         41932.24840
1865         42010.67320
1866         42089.21640
1867         42167.87790
1868         42246.65800
1869         42325.55680
1870         42404.57450
1871         42483.71100
1872         42562.96670
1873         42642.34160
1874         42721.83580
1875         42801.44950
1876         42881.18290
1877         42961.03590
1878         43041.00890
1879         43121.10190
1880         43201.31500
1881         43281.64830
1882         43362.10210
1883         43442.67650
1884         43523.37150
1885         43604.18730
1886         43685.12400
1887         43766.18180
1888         43847.36080
1889         43928.66120
1890         44010.08300
1891         44091.62650
1892         44173.29160
1893         44255.07870
1894         44336.98770
1895         44419.01890
1896         44501.17230
1897         44583.44820
1898         44665.84660
1899         44748.36760
1900         44831.01150
1901         44913.77830
1902         44996.66820
1903         45079.68130
1904         45162.81770
1905         45246.07760
1906         45329.46110
1907         45412.96840
1908         45496.59950
1909         45580.35470
1910         45664.23400
1911         45748.23760
1912         45832.36560
1913         45916.61810
1914         46000.99540
1915         46085.49740
1916         46170.12440
1917         46254.87660
1918         46339.75390
1919         46424.75660
1920         46509.88480
1921         46595.13860
1922         46680.51820
1923         46766.02370
1924         46851.65530
1925         46937.41300
1926         47023.29700
1927         47109.30750
1928         47195.44460
1929         47281.70840
1930         47368.09900
1931         47454.61660
1932         47541.26140
1933         47628.03340
1934         47714.93280
1935         47801.95980
1936         47889.11440
1937         47976.39680
1938         48063.80720
1939         48151.34570
1940         48239.01230
1941         48326.80740
1942         48414.73090
1943         48502.78310
1944         48590.96400
1945         48679.27380
1946         48767.71270
1947         48856.28080
1948         48944.97810
1949         49033.80500
1950         49122.76140
1951         49211.84750
1952         49301.06350
1953         49390.40950
1954         49479.88570
1955         49569.49210
1956         49659.22890
1957         49749.09630
1958         49839.09440
1959         49929.22340
1960         50019.48320
1961         50109.87420
1962         50200.39650
1963         50291.05010
1964         50381.83530
1965         50472.75210
1966         50563.80070
1967         50654.98120
1968         50746.29380
1969         50837.73870
1970         50929.31590
1971         51021.02550
1972         51112.86790
1973         51204.84290
1974         51296.95090
1975         51389.19200
1976         51481.56620
1977         51574.07380
1978         51666.71480
1979         51759.48940
1980         51852.39780
1981         51945.44010
1982         52038.61630
1983         52131.92680
1984         52225.37160
1985         52318.95080
1986         52412.66450
1987         52506.51300
1988         52600.49640
1989         52694.61480
1990         52788.86830
1991         52883.25710
1992         52977.78130
1993         53072.44110
1994         53167.23660
1995         53262.16800
1996         53357.23530
1997         53452.43880
1998         53547.77850
1999         53643.25460
2000         53738.86730
2001         53834.61670
2002         53930.50290
2003         54026.52610
2004         54122.68640
2005         54218.98390
2006         54315.41890
2007         54411.99130
2008         54508.70150
2009         54605.54950
2010         54702.53540
2011         54799.65940
2012         54896.92170
2013         54994.32240
2014         55091.86160
2015         55189.53950
2016         55287.35610
2017         55385.31180
2018         55483.40650
2019         55581.64050
2020         55680.01380
2021         55778.52670
2022         55877.17920
2023         55975.97150
2024         56074.90380
2025         56173.97620
2026         56273.18880
2027         56372.54170
2028         56472.03520
2029         56571.66940
2030         56671.44430
2031         56771.36030
2032         56871.41720
2033         56971.61550
2034         57071.95510
2035         57172.43620
2036         57273.05900
2037         57373.82360
2038         57474.73010
2039         57575.77870
2040         57676.96960
2041         57778.30280
2042         57879.77850
2043         57981.39700
2044         58083.15820
2045         58185.06240
2046         58287.10960
2047         58389.30010
2048         58491.63400
2049         58594.11150
2050         58696.73250
2051         58799.49740
2052         58902.40630
2053         59005.45930
2054         59108.65650
2055         59211.99810
2056         59315.48420
2057         59419.11500
2058         59522.89070
2059         59626.81130
2060         59730.87700
2061         59835.08800
2062         59939.44440
2063         60043.94630
2064         60148.59390
2065         60253.38740
2066         60358.32680
2067         60463.41240
2068         60568.64420
2069         60674.02240
2070         60779.54730
2071         60885.21880
2072         60991.03710
2073         61097.00250
2074         61203.11500
2075         61309.37480
2076         61415.78200
2077         61522.33680
2078         61629.03940
2079         61735.88980
2080         61842.88820
2081         61950.03480
2082         62057.32960
2083         62164.77300
2084         62272.36490
2085         62380.10560
2086         62487.99520
2087         62596.03380
2088         62704.22160
2089         62812.55870
2090         62921.04530
2091         63029.68150
2092         63138.46750
2093         63247.40340
2094         63356.48930
2095         63465.72550
2096         63575.11200
2097         63684.64900
2098         63794.33670
2099         63904.17510
2100         64014.16450
2101         64124.30500
2102         64234.59670
2103         64345.03980
2104         64455.63440
2105         64566.38070
2106         64677.27890
2107         64788.32900
2108         64899.53120
2109         65010.88560
2110         65122.39250
2111         65234.05200
2112         65345.86410
2113         65457.82910
2114         65569.94710
2115         65682.21820
2116         65794.64270
2117         65907.22060
2118         66019.95210
2119         66132.83730
2120         66245.87640
2121         66359.06950
2122         66472.41680
2123         66585.91850
2124         66699.57460
2125         66813.38540
2126         66927.35090
2127         67041.47130
2128         67155.74690
2129         67270.17760
2130         67384.76370
2131         67499.50530
2132         67614.40260
2133         67729.45570
2134         67844.66480
2135         67960.03000
2136         68075.55140
2137         68191.22920
2138         68307.06360
2139         68423.05470
2140         68539.20270
2141         68655.50760
2142         68771.96970
2143         68888.58910
2144         69005.36600
2145         69122.30050
2146         69239.39270
2147         69356.64280
2148         69474.05090
2149         69591.61720
2150         69709.34190
2151         69827.22510
2152         69945.26690
2153         70063.46750
2154         70181.82710
2155         70300.34570
2156         70419.02360
2157         70537.86090
2158         70656.85770
2159         70776.01420
2160         70895.33060
2161         71014.80690
2162         71134.44340
2163         71254.24020
2164         71374.19740
2165         71494.31520
2166         71614.59370
2167         71735.03310
2168         71855.63360
2169         71976.39520
2170         72097.31820
2171         72218.40270
2172         72339.64880
2173         72461.05680
2174         72582.62660
2175         72704.35860
2176         72826.25280
2177         72948.30930
2178         73070.52850
2179         73192.91030
2180         73315.45500
2181         73438.16260
2182         73561.03340
2183         73684.06760
2184         73807.26510
2185         73930.62630
2186         74054.15120
2187         74177.84000
2188         74301.69280
2189         74425.70990
2190         74549.89130
2191         74674.23720
2192         74798.74780
2193         74923.42320
2194         75048.26350
2195         75173.26900
2196         75298.43970
2197         75423.77580
2198         75549.27750
2199         75674.94490
2200         75800.77810
2201         75926.77740
2202         76052.94290
2203         76179.27470
2204         76305.77290
2205         76432.43780
2206         76559.26950
2207         76686.26810
2208         76813.43370
2209         76940.76660
2210         77068.26690
2211         77195.93470
2212         77323.77020
2213         77451.77360
2214         77579.94490
2215         77708.28440
2216         77836.79220
2217         77965.46840
2218         78094.31320
2219         78223.32680
2220         78352.50930
2221         78481.86090
2222         78611.38160
2223         78741.07170
2224         78870.93140
2225         79000.96070
2226         79131.15980
2227         79261.52890
2228         79392.06810
2229         79522.77760
2230         79653.65760
2231         79784.70810
2232         79915.92930
2233         80047.32150
2234         80178.88460
2235         80310.61900
2236         80442.52470
2237         80574.60200
2238         80706.85080
2239         80839.27150
2240         80971.86420
2241         81104.62890
2242         81237.56590
2243         81370.67540
2244         81503.95740
2245         81637.41210
2246         81771.03970
2247         81904.84040
2248         82038.81420
2249         82172.96140
2250         82307.28210
2251         82441.77640
2252         82576.44450
2253         82711.28650
2254         82846.30270
2255         82981.49310
2256         83116.85790
2257         83252.39730
2258         83388.11150
2259         83524.00040
2260         83660.06450
2261         83796.30370
2262         83932.71820
2263         84069.30820
2264         84206.07390
2265         84343.01540
2266         84480.13280
2267         84617.42630
2268         84754.89610
2269         84892.54220
2270         85030.36500
2271         85168.36450
2272         85306.54080
2273         85444.89420
2274         85583.42470
2275         85722.13260
2276         85861.01800
2277         86000.08110
2278         86139.32190
2279         86278.74070
2280         86418.33760
2281         86558.11270
2282         86698.06630
2283         86838.19840
2284         86978.50930
2285         87118.99900
2286         87259.66780
2287         87400.51580
2288         87541.54310
2289         87682.74990
2290         87824.13640
2291         87965.70260
2292         88107.44890
2293         88249.37520
2294         88391.48180
2295         88533.76890
2296         88676.23650
2297         88818.88490
2298         88961.71410
2299         89104.72440
2300         89247.91590
2301         89391.28880
2302         89534.84310
2303         89678.57920
2304         89822.49700
2305         89966.59680
2306         90110.87880
2307         90255.34300
2308         90399.98970
2309         90544.81900
2310         90689.83100
2311         90835.02590
2312         90980.40390
2313         91125.96510
2314         91271.70970
2315         91417.63780
2316         91563.74960
2317         91710.04520
2318         91856.52490
2319         92003.18860
2320         92150.03670
2321         92297.06920
2322         92444.28640
2323         92591.68830
2324         92739.27510
2325         92887.04700
2326         93035.00420
2327         93183.14670
2328         93331.47480
2329         93479.98860
2330         93628.68820
2331         93777.57390
2332         93926.64570
2333         94075.90390
2334         94225.34850
2335         94374.97980
2336         94524.79790
2337         94674.80290
2338         94824.99500
2339         94975.37440
2340         95125.94120
2341         95276.69560
2342         95427.63760
2343         95578.76760
2344         95730.08560
2345         95881.59180
2346         96033.28640
2347         96185.16950
2348         96337.24120
2349         96489.50170
2350         96641.95130
2351         96794.58990
2352         96947.41790
2353         97100.43520
2354         97253.64220
2355         97407.03900
2356         97560.62560
2357         97714.40230
2358         97868.36930
2359         98022.52660
2360         98176.87440
2361         98331.41300
2362         98486.14240
2363         98641.06280
2364         98796.17430
2365         98951.47720
2366         99106.97150
2367         99262.65750
2368         99418.53530
2369         99574.60500
2370         99730.86680
2371         99887.32090
2372        100043.96700
2373        100200.80600
2374        100357.83800
2375        100515.06300
2376        100672.48000
2377        100830.09100
2378        100987.89600
2379        101145.89300
2380        101304.08500
2381        101462.47000
2382        101621.04900
2383        101779.82200
2384        101938.79000
2385        102097.95200
2386        102257.30900
2387        102416.86000
2388        102576.60600
2389        102736.54800
2390        102896.68400
2391        103057.01600
2392        103217.54400
2393        103378.26700
2394        103539.18600
2395        103700.30200
2396        103861.61300
2397        104023.12000
2398        104184.82500
2399        104346.72500
2400        104508.82300
2401        104671.11700
2402        104833.60900
2403        104996.29800
2404        105159.18400
2405        105322.26800
2406        105485.54900
2407        105649.02900
2408        105812.70700
2409        105976.58200
2410        106140.65600
2411        106304.92900
2412        106469.40000
2413        106634.07000
2414        106798.94000
2415        106964.00800
2416        107129.27500
2417        107294.74300
2418        107460.40900
2419        107626.27600
2420        107792.34200
2421        107958.60900
2422        108125.07500
2423        108291.74200
2424        108458.61000
2425        108625.67800
2426        108792.94800
2427        108960.41800
2428        109128.08900
2429        109295.96200
2430        109464.03700
2431        109632.31300
2432        109800.79000
2433        109969.47000
2434        110138.35200
2435        110307.43600
2436        110476.72300
2437        110646.21200
2438        110815.90400
2439        110985.79900
2440        111155.89700
2441        111326.19800
2442        111496.70300
2443        111667.41100
2444        111838.32300
2445        112009.43900
2446        112180.75900
2447        112352.28300
2448        112524.01100
2449        112695.94300
2450        112868.08100
2451        113040.42300
2452        113212.97000
2453        113385.72200
2454        113558.68000
2455        113731.84300
2456        113905.21100
2457        114078.78600
2458        114252.56600
2459        114426.55200
2460        114600.74500
2461        114775.14300
2462        114949.74900
2463        115124.56100
2464        115299.58000
2465        115474.80600
2466        115650.23900
2467        115825.87900
2468        116001.72700
2469        116177.78200
2470        116354.04600
2471        116530.51700
2472        116707.19600
2473        116884.08400
2474        117061.18000
2475        117238.48400
2476        117415.99700
2477        117593.71900
2478        117771.65100
2479        117949.79100
2480        118128.14100
2481        118306.70000
2482        118485.46900
2483        118664.44800
2484        118843.63700
2485        119023.03500
2486        119202.64500
2487        119382.46400
2488        119562.49500
2489        119742.73600
2490        119923.18800
2491        120103.85100
2492        120284.72500
2493        120465.81100
2494        120647.10800
2495        120828.61700
2496        121010.33800
2497        121192.27100
2498        121374.41600
2499        121556.77300
2500        121739.34300
2501        121922.12600
2502        122105.12100
2503        122288.32900
2504        122471.75100
2505        122655.38500
2506        122839.23400
2507        123023.29500
2508        123207.57100
2509        123392.06000
2510        123576.76400
2511        123761.68200
2512        123946.81400
2513        124132.16100
2514        124317.72200
2515        124503.49800
2516        124689.49000
2517        124875.69600
2518        125062.11800
2519        125248.75500
2520        125435.60800
2521        125622.67600
2522        125809.96100
2523        125997.46200
2524        126185.17900
2525        126373.11200
2526        126561.26200
2527        126749.62900
2528        126938.21300
2529        127127.01300
2530        127316.03100
2531        127505.26700
2532        127694.71900
2533        127884.39000
2534        128074.27800
2535        128264.38400
2536        128454.70900
2537        128645.25200
2538        128836.01300
2539        129026.99300
2540        129218.19100
2541        129409.60900
2542        129601.24500
2543        129793.10100
2544        129985.17700
2545        130177.47100
2546        130369.98600
2547        130562.72000
2548        130755.67500
2549        130948.85000
2550        131142.24500
2551        131335.86000
2552        131529.69600
2553        131723.75300
2554        131918.03100
2555        132112.53000
2556        132307.25100
2557        132502.19200
2558        132697.35600
2559        132892.74100
2560        133088.34800
2561        133284.17700
2562        133480.22800
2563        133676.50200
2564        133872.99800
2565        134069.71700
2566        134266.65900
2567        134463.82400
2568        134661.21200
2569        134858.82300
2570        135056.65800
2571        135254.71600
2572        135452.99800
2573        135651.50500
2574        135850.23500
2575        136049.18900
2576        136248.36800
2577        136447.77100
2578        136647.40000
2579        136847.25300
2580        137047.33100
2581        137247.63400
2582        137448.16300
2583        137648.91700
2584        137849.89700
2585        138051.10200
2586        138252.53400
2587        138454.19100
2588        138656.07500
2589        138858.18600
2590        139060.52300
2591        139263.08700
2592        139465.87700
2593        139668.89500
2594        139872.14000
2595        140075.61200
2596        140279.31200
2597        140483.24000
2598        140687.39500
2599        140891.77800
2600        141096.39000
2601        141301.23000
2602        141506.29800
2603        141711.59500
2604        141917.12100
2605        142122.87600
2606        142328.85900
2607        142535.07200
2608        142741.51500
2609        142948.18700
2610        143155.08800
2611        143362.22000
2612        143569.58200
2613        143777.17300
2614        143984.99500
2615        144193.04800
2616        144401.33100
2617        144609.84500
2618        144818.59000
2619        145027.56600
2620        145236.77400
2621        145446.21200
2622        145655.88300
2623        145865.78500
2624        146075.91900
2625        146286.28500
2626        146496.88300
2627        146707.71400
2628        146918.77700
2629        147130.07200
2630        147341.60100
2631        147553.36300
2632        147765.35700
2633        147977.58500
2634        148190.04700
2635        148402.74200
2636        148615.67000
2637        148828.83300
2638        149042.23000
2639        149255.86100
2640        149469.72600
2641        149683.82600
2642        149898.16000
2643        150112.72900
2644        150327.53400
2645        150542.57300
2646        150757.84800
2647        150973.35800
2648        151189.10400
2649        151405.08600
2650        151621.30300
2651        151837.75700
2652        152054.44600
2653        152271.37300
2654        152488.53500
2655        152705.93500
2656        152923.57100
2657        153141.44400
2658        153359.55400
2659        153577.90200
2660        153796.48700
2661        154015.31000
2662        154234.37100
2663        154453.66900
2664        154673.20600
2665        154892.98000
2666        155112.99300
2667        155333.24500
2668        155553.73500
2669        155774.46500
2670        155995.43300
2671        156216.64000
2672        156438.08700
2673        156659.77300
2674        156881.69900
2675        157103.86500
2676        157326.27000
2677        157548.91600
2678        157771.80100
2679        157994.92800
2680        158218.29400
2681        158441.90200
2682        158665.75000
2683        158889.83900
2684        159114.17000
2685        159338.74100
2686        159563.55400
2687        159788.60900
2688        160013.90600
2689        160239.44400
2690        160465.22500
2691        160691.24800
2692        160917.51300
2693        161144.02000
2694        161370.77100
2695        161597.76400
2696        161825.00000
2697        162052.48000
2698        162280.20200
2699        162508.16900
2700        162736.37800
2701        162964.83200
2702        163193.52900
2703        163422.47100
2704        163651.65600
2705        163881.08600
2706        164110.76100
2707        164340.68000
2708        164570.84400
2709        164801.25300
2710        165031.90800
2711        165262.80700
2712        165493.95200
2713        165725.34300
2714        165956.97900
2715        166188.86100
2716        166420.98900
2717        166653.36400
2718        166885.98400
2719        167118.85200
2720        167351.96600
2721        167585.32600
2722        167818.93400
2723        168052.78900
2724        168286.89100
2725        168521.24100
2726        168755.83800
2727        168990.68300
2728        169225.77500
2729        169461.11600
2730        169696.70500
2731        169932.54200
2732        170168.62800
2733        170404.96200
2734        170641.54500
2735        170878.37700
2736        171115.45800
2737        171352.78900
2738        171590.36900
2739        171828.19800
2740        172066.27700
2741        172304.60600
2742        172543.18500
2743        172782.01400
2744        173021.09300
2745        173260.42300
2746        173500.00300
2747        173739.83400
2748        173979.91700
2749        174220.25000
2750        174460.83400
2751        174701.67000
2752        174942.75700
2753        175184.09600
2754        175425.68600
2755        175667.52900
2756        175909.62400
2757        176151.97100
2758        176394.57000
2759        176637.42200
2760        176880.52700
2761        177123.88400
2762        177367.49500
2763        177611.35900
2764        177855.47600
2765        178099.84600
2766        178344.47000
2767        178589.34800
2768        178834.48000
2769        179079.86600
2770        179325.50600
2771        179571.40100
2772        179817.55000
2773        180063.95300
2774        180310.61200
2775        180557.52500
2776        180804.69400
2777        181052.11800
2778        181299.79700
2779        181547.73200
2780        181795.92300
2781        182044.36900
2782        182293.07100
2783        182542.03000
2784        182791.24500
2785        183040.71600
2786        183290.44400
2787        183540.42900
2788        183790.67100
2789        184041.17000
2790        184291.92600
2791        184542.93900
2792        184794.21000
2793        185045.73800
2794        185297.52500
2795        185549.56900
2796        185801.87100
2797        186054.43200
2798        186307.25100
2799        186560.32900
2800        186813.66500
2801        187067.26000
2802        187321.11400
2803        187575.22800
2804        187829.60000
2805        188084.23200
2806        188339.12400
2807        188594.27500
2808        188849.68700
2809        189105.35800
2810        189361.29000
2811        189617.48100
2812        189873.93400
2813        190130.64700
2814        190387.62000
2815        190644.85500
2816        190902.35100
2817        191160.10800
2818        191418.12600
2819        191676.40600
2820        191934.94800
2821        192193.75100
2822        192452.81600
2823        192712.14400
2824        192971.73300
2825        193231.58500
2826        193491.70000
2827        193752.07700
2828        194012.71700
2829        194273.62100
2830        194534.78700
2831        194796.21700
2832        195057.91000
2833        195319.86600
2834        195582.08600
2835        195844.57100
2836        196107.31900
2837        196370.33100
2838        196633.60800
2839        196897.14900
2840        197160.95500
2841        197425.02600
2842        197689.36100
2843        197953.96200
2844        198218.82700
2845        198483.95800
2846        198749.35500
2847        199015.01700
2848        199280.94500
2849        199547.13900
2850        199813.59900
2851        200080.32500
2852        200347.31700
2853        200614.57600
2854        200882.10200
2855        201149.89500
2856        201417.95400
2857        201686.28100
2858        201954.87400
2859        202223.73600
2860        202492.86400
2861        202762.26100
2862        203031.92500
2863        203301.85700
2864        203572.05700
2865        203842.52600
2866        204113.26300
2867        204384.26800
2868        204655.54200
2869        204927.08500
2870        205198.89700
2871        205470.97900
2872        205743.32900
2873        206015.94900
2874        206288.83800
2875        206561.99700
2876        206835.42600
2877        207109.12500
2878        207383.09400
2879        207657.33400
2880        207931.84300
2881        208206.62400
2882        208481.67500
2883        208756.99700
2884        209032.59000
2885        209308.45400
2886        209584.58900
2887        209860.99600
2888        210137.67400
2889        210414.62400
2890        210691.84600
2891        210969.34000
2892        211247.10700
2893        211525.14500
2894        211803.45600
2895        212082.03900
2896        212360.89600
2897        212640.02500
2898        212919.42700
2899        213199.10200
2900        213479.05100
2901        213759.27300
2902        214039.76800
2903        214320.53800
2904        214601.58100
2905        214882.89800
2906        215164.48900
2907        215446.35500
2908        215728.49500
2909        216010.91000
2910        216293.60000
2911        216576.56400
2912        216859.80300
2913        217143.31800
2914        217427.10700
2915        217711.17300
2916        217995.51400
2917        218280.13000
2918        218565.02300
2919        218850.19100
2920        219135.63600
2921        219421.35600
2922        219707.35400
2923        219993.62800
2924        220280.17800
2925        220567.00600
2926        220854.11000
2927        221141.49200
2928        221429.15100
2929        221717.08700
2930        222005.30100
2931        222293.79200
2932        222582.56200
2933        222871.60900
2934        223160.93500
2935        223450.53900
2936        223740.42100
2937        224030.58200
2938        224321.02100
2939        224611.74000
2940        224902.73700
2941        225194.01300
2942        225485.56900
2943        225777.40400
2944        226069.51900
2945        226361.91300
2946        226654.58700
2947        226947.54100
2948        227240.77500
2949        227534.29000
2950        227828.08400
2951        228122.16000
2952        228416.51600
2953        228711.15200
2954        229006.07000
2955        229301.26900
2956        229596.74900
2957        229892.51000
2958        230188.55300
2959        230484.87700
2960        230781.48300
2961        231078.37200
2962        231375.54200
2963        231672.99400
2964        231970.72900
2965        232268.74600
2966        232567.04600
2967        232865.62800
2968        233164.49300
2969        233463.64200
2970        233763.07300
2971        234062.78800
2972        234362.78600
2973        234663.06800
2974        234963.63400
2975        235264.48300
2976        235565.61700
2977        235867.03400
2978        236168.73600
2979        236470.72200
2980        236772.99300
2981        237075.54800
2982        237378.38800
2983        237681.51400
2984        237984.92400
2985        238288.61900
2986        238592.60000
2987        238896.86700
2988        239201.41900
2989        239506.25600
2990        239811.38000
2991        240116.79000
2992        240422.48600
2993        240728.46800
2994        241034.73700
2995        241341.29200
2996        241648.13400
2997        241955.26300
2998        242262.67900
2999        242570.38200
3000        242878.37200
3001        243186.65000
3002        243495.21500
3003        243804.06800
3004        244113.20900
3005        244422.63700
3006        244732.35400
3007        245042.35900
3008        245352.65300
3009        245663.23500
3010        245974.10500
3011        246285.26500
3012        246596.71300
3013        246908.45000
3014        247220.47700
3015        247532.79200
3016        247845.39800
3017        248158.29300
3018        248471.47700
3019        248784.95100
3020        249098.71600
3021        249412.77000
3022        249727.11500
3023        250041.75000
3024        250356.67600
3025        250671.89200
3026        250987.39900
3027        251303.19700
3028        251619.28700
3029        251935.66700
3030        252252.33900
3031        252569.30200
3032        252886.55600
3033        253204.10300
3034        253521.94100
3035        253840.07200
3036        254158.49400
3037        254477.20900
3038        254796.21600
3039        255115.51600
3040        255435.10800
3041        255754.99300
3042        256075.17100
3043        256395.64200
3044        256716.40700
3045        257037.46400
3046        257358.81500
3047        257680.46000
3048        258002.39900
3049        258324.63100
3050        258647.15700
3051        258969.97800
3052        259293.09200
3053        259616.50100
3054        259940.20500
3055        260264.20300
3056        260588.49600
3057        260913.08400
3058        261237.96700
3059        261563.14600
3060        261888.61900
3061        262214.38800
3062        262540.45300
3063        262866.81300
3064        263193.46900
3065        263520.42100
3066        263847.66900
3067        264175.21400
3068        264503.05500
3069        264831.19200
3070        265159.62600
3071        265488.35700
3072        265817.38400
3073        266146.70900
3074        266476.33100
3075        266806.25000
3076        267136.46600
3077        267466.98000
3078        267797.79200
3079        268128.90100
3080        268460.30900
3081        268792.01400
3082        269124.01800
3083        269456.32000
3084        269788.92000
3085        270121.81900
3086        270455.01700
3087        270788.51300
3088        271122.30900
3089        271456.40300
3090        271790.79700
3091        272125.49000
3092        272460.48300
3093        272795.77500
3094        273131.36700
3095        273467.25900
3096        273803.45100
3097        274139.94300
3098        274476.73600
3099        274813.82800
3100        275151.22200
3101        275488.91500
3102        275826.91000
3103        276165.20600
3104        276503.80200
3105        276842.70000
3106        277181.89900
3107        277521.39900
3108        277861.20100
3109        278201.30500
3110        278541.71000
3111        278882.41800
3112        279223.42700
3113        279564.73900
3114        279906.35200
3115        280248.26900
3116        280590.48800
3117        280933.00900
3118        281275.83300
3119        281618.96100
3120        281962.39100
3121        282306.12500
3122        282650.16200
3123        282994.50200
3124        283339.14600
3125        283684.09300
3126        284029.34500
3127        284374.90000
3128        284720.76000
3129        285066.92300
3130        285413.39100
3131        285760.16400
3132        286107.24100
3133        286454.62200
3134        286802.30900
3135        287150.30000
3136        287498.59700
3137        287847.19900
3138        288196.10600
3139        288545.31800
3140        288894.83700
3141        289244.66000
3142        289594.79000
3143        289945.22600
3144        290295.96700
3145        290647.01500
3146        290998.37000
3147        291350.03000
3148        291701.99800
3149        292054.27200
3150        292406.85200
3151        292759.74000
3152        293112.93500
3153        293466.43700
3154        293820.24600
3155        294174.36300
3156        294528.78800
3157        294883.52000
3158        295238.56000
3159        295593.90700
3160        295949.56300
3161        296305.52700
3162        296661.80000
3163        297018.38100
3164        297375.27000
3165        297732.46800
3166        298089.97500
3167        298447.79100
3168        298805.91500
3169        299164.34900
3170        299523.09300
3171        299882.14500
3172        300241.50800
3173        300601.17900
3174        300961.16100
3175        301321.45300
3176        301682.05400
3177        302042.96600
3178        302404.18800
3179        302765.72000
3180        303127.56300
3181        303489.71700
3182        303852.18100
3183        304214.95600
3184        304578.04200
3185        304941.43900
3186        305305.14800
3187        305669.16800
3188        306033.49900
3189        306398.14200
3190        306763.09700
3191        307128.36300
3192        307493.94100
3193        307859.83200
3194        308226.03500
3195        308592.55000
3196        308959.37700
3197        309326.51700
3198        309693.97000
3199        310061.73500
3200        310429.81400
3201        310798.20500
3202        311166.91000
3203        311535.92700
3204        311905.25900
3205        312274.90300
3206        312644.86200
3207        313015.13400
3208        313385.72000
3209        313756.62000
3210        314127.83400
3211        314499.36300
3212        314871.20500
3213        315243.36200
3214        315615.83400
3215        315988.62100
3216        316361.72200
3217        316735.13800
3218        317108.86900
3219        317482.91600
3220        317857.27700
3221        318231.95500
3222        318606.94700
3223        318982.25600
3224        319357.88000
3225        319733.81900
3226        320110.07500
3227        320486.64700
3228        320863.53600
3229        321240.74000
3230        321618.26100
3231        321996.09900
3232        322374.25300
3233        322752.72500
3234        323131.51300
3235        323510.61800
3236        323890.04000
3237        324269.78000
3238        324649.83700
3239        325030.21100
3240        325410.90300
3241        325791.91300
3242        326173.24100
3243        326554.88600
3244        326936.85000
3245        327319.13200
3246        327701.73200
3247        328084.65100
3248        328467.88800
3249        328851.44400
3250        329235.31900
3251        329619.51200
3252        330004.02500
3253        330388.85700
3254        330774.00800
3255        331159.47800
3256        331545.26800
3257        331931.37700
3258        332317.80600
3259        332704.55500
3260        333091.62400
3261        333479.01300
3262        333866.72200
3263        334254.75100
3264        334643.10100
3265        335031.77100
3266        335420.76100
3267        335810.07300
3268        336199.70500
3269        336589.65800
3270        336979.93300
3271        337370.52800
3272        337761.44500
3273        338152.68300
3274        338544.24200
3275        338936.12400
3276        339328.32700
3277        339720.85100
3278        340113.69800
3279        340506.86700
3280        340900.35800
3281        341294.17100
3282        341688.30700
3283        342082.76500
3284        342477.54600
3285        342872.65000
3286        343268.07600
3287        343663.82600
3288        344059.89800
3289        344456.29400
3290        344853.01300
3291        345250.05500
3292        345647.42100
3293        346045.11100
3294        346443.12400
3295        346841.46100
3296        347240.12200
3297        347639.10700
3298        348038.41700
3299        348438.05000
3300        348838.00900
3301        349238.29100
3302        349638.89800
3303        350039.83000
3304        350441.08700
3305        350842.66900
3306        351244.57500
3307        351646.80700
3308        352049.36500
3309        352452.24700
3310        352855.45500
3311        353258.98900
3312        353662.84800
3313        354067.03400
3314        354471.54500
3315        354876.38200
3316        355281.54500
3317        355687.03500
3318        356092.85100
3319        356498.99300
3320        356905.46200
3321        357312.25800
3322        357719.38100
3323        358126.83000
3324        358534.60700
3325        358942.71000
3326        359351.14100
3327        359759.89900
3328        360168.98500
3329        360578.39800
3330        360988.13900
3331        361398.20700
3332        361808.60400
3333        362219.32800
3334        362630.38100
3335        363041.76100
3336        363453.47000
3337        363865.50800
3338        364277.87400
3339        364690.56800
3340        365103.59200
3341        365516.94400
3342        365930.62500
3343        366344.63500
3344        366758.97400
3345        367173.64200
3346        367588.64000
3347        368003.96800
3348        368419.62400
3349        368835.61100
3350        369251.92700
3351        369668.57300
3352        370085.55000
3353        370502.85600
3354        370920.49200
3355        371338.45900
3356        371756.75600
3357        372175.38400
3358        372594.34200
3359        373013.63200
3360        373433.25100
3361        373853.20200
3362        374273.48400
3363        374694.09700
3364        375115.04100
3365        375536.31700
3366        375957.92400
3367        376379.86200
3368        376802.13300
3369        377224.73500
3370        377647.66800
3371        378070.93400
3372        378494.53200
3373        378918.46200
3374        379342.72400
3375        379767.31900
3376        380192.24600
3377        380617.50600
3378        381043.09800
3379        381469.02400
3380        381895.28200
3381        382321.87300
3382        382748.79700
3383        383176.05400
3384        383603.64500
3385        384031.56900
3386        384459.82700
3387        384888.41800
3388        385317.34300
3389        385746.60100
3390        386176.19400
3391        386606.12000
3392        387036.38100
3393        387466.97600
3394        387897.90500
3395        388329.16900
3396        388760.76700
3397        389192.69900
3398        389624.96700
3399        390057.56900
3400        390490.50600
3401        390923.77800
3402        391357.38500
3403        391791.32800
3404        392225.60600
3405        392660.21900
3406        393095.16700
3407        393530.45100
3408        393966.07100
3409        394402.02700
3410        394838.31900
3411        395274.94600
3412        395711.91000
3413        396149.21000
3414        396586.84600
3415        397024.81900
3416        397463.12800
3417        397901.77400
3418        398340.75600
3419        398780.07500
3420        399219.73100
3421        399659.72400
3422        400100.05400
3423        400540.72200
3424        400981.72600
3425        401423.06800
3426        401864.74800
3427        402306.76500
3428        402749.11900
3429        403191.81200
3430        403634.84200
3431        404078.21000
3432        404521.91700
3433        404965.96100
3434        405410.34400
3435        405855.06500
3436        406300.12400
3437        406745.52200
3438        407191.25900
3439        407637.33400
3440        408083.74800
3441        408530.50100
3442        408977.59300
3443        409425.02500
3444        409872.79500
3445        410320.90500
3446        410769.35400
3447        411218.14200
3448        411667.27000
3449        412116.73800
3450        412566.54600
3451        413016.69300
3452        413467.18100
3453        413918.00800
3454        414369.17600
3455        414820.68400
3456        415272.53200
3457        415724.72100
3458        416177.25000
3459        416630.12000
3460        417083.33100
3461        417536.88200
3462        417990.77400
3463        418445.00700
3464        418899.58200
3465        419354.49700
3466        419809.75400
3467        420265.35200
3468        420721.29200
3469        421177.57300
3470        421634.19600
3471        422091.16100
3472        422548.46700
3473        423006.11500
3474        423464.10600
3475        423922.43800
3476        424381.11300
3477        424840.13000
3478        425299.48900
3479        425759.19100
3480        426219.23600
3481        426679.62300
3482        427140.35300
3483        427601.42500
3484        428062.84100
3485        428524.60000
3486        428986.70100
3487        429449.14600
3488        429911.93500
3489        430375.06600
3490        430838.54100
3491        431302.36000
3492        431766.52200
3493        432231.02900
3494        432695.87900
3495        433161.07200
3496        433626.61000
3497        434092.49200
3498        434558.71900
3499        435025.28900
3500        435492.20400