   1             1.68357
   2             4.36513
   3             7.78041
   4            11.79879
   5            16.34066
   6            21.35150
   7            26.79097
   8            32.62765
   9            38.83618
  10            45.39552
  11            52.28788
  12            59.49791
  13            67.01221
  14            74.81898
  15            82.90764
  16            91.26878
  17            99.89379
  18           108.77486
  19           117.90488
  20           127.27719
  21           136.88582
  22           146.72505
  23           156.78966
  24           167.07469
  25           177.57558
  26           188.28801
  27           199.20790
  28           210.33144
  29           221.65495
  30           233.17500
  31           244.88837
  32           256.79187
  33           268.88245
  34           281.15750
  35           293.61414
  36           306.24994
  37           319.06226
  38           332.04886
  39           345.20731
  40           358.53549
  41           372.03137
  42           385.69272
  43           399.51788
  44           413.50464
  45           427.65131
  46           441.95615
  47           456.41742
  48           471.03345
  49           485.80261
  50           500.72333
  51           515.79431
  52           531.01398
  53           546.38086
  54           561.89344
  55           577.55067
  56           593.35103
  57           609.29342
  58           625.37649
  59           641.59910
  60           657.96013
  61           674.45844
  62           691.09268
  63           707.86187
  64           724.76510
  65           741.80116
  66           758.96918
  67           776.26820
  68           793.69712
  69           811.25491
  70           828.94095
  71           846.75428
  72           864.69362
  73           882.75867
  74           900.94821
  75           919.26165
  76           937.69801
  77           956.25663
  78           974.93649
  79           993.73723
  80          1012.65770
  81          1031.69740
  82          1050.85580
  83          1070.13190
  84          1089.52520
  85          1109.03470
  86          1128.66010
  87          1148.40090
  88          1168.25590
  89          1188.22510
  90          1208.30760
  91          1228.50250
  92          1248.81000
  93          1269.22910
  94          1289.75910
  95          1310.39960
  96          1331.15030
  97          1352.01030
  98          1372.97930
  99          1394.05690
 100          1415.24250
 101          1436.53580
 102          1457.93600
 103          1479.44280
 104          1501.05600
 105          1522.77490
 106          1544.59950
 107          1566.52880
 108          1588.56260
 109          1610.70080
 110          1632.94320
 111          1655.28860
 112          1677.73770
 113          1700.28920
 114          1722.94300
 115          1745.69930
 116          1768.55730
 117          1791.51720
 118          1814.57800
 119          1837.74020
 120          1861.00270
 121          1884.36600
 122          1907.82950
 123          1931.39280
 124          1955.05620
 125          1978.81890
 126          2002.68080
 127          2026.64200
 128          2050.70230
 129          2074.86120
 130          2099.11860
 131          2123.47430
 132          2147.92840
 133          2172.48120
 134          2197.13110
 135          2221.87930
 136          2246.72510
 137          2271.66850
 138          2296.70950
 139          2321.84760
 140          2347.08350
 141          2372.41600
 142          2397.84630
 143          2423.37340
 144          2448.99760
 145          2474.71920
 146          2500.53730
 147          2526.45240
 148          2552.46440
 149          2578.57370
 150          2604.77970
 151          2631.08220
 152          2657.48240
 153          2683.97910
 154          2710.57320
 155          2737.26330
 156          2764.05150
 157          2790.93610
 158          2817.91780
 159          2844.99670
 160          2872.17320
 161          2899.44730
 162          2926.81820
 163          2954.28710
 164          2981.85320
 165          3009.51710
 166          3037.27920
 167          3065.13880
 168          3093.09650
 169          3121.15220
 170          3149.30690
 171          3177.55980
 172          3205.91090
 173          3234.36130
 174          3262.91030
 175          3291.55880
 176          3320.30600
 177          3349.15310
 178          3378.09960
 179          3407.14550
 180          3436.29240
 181          3465.53880
 182          3494.88600
 183          3524.33370
 184          3553.88250
 185          3583.53180
 186          3613.28270
 187          3643.13610
 188          3673.09050
 189          3703.14640
 190          3733.30530
 191          3763.56710
 192          3793.93130
 193          3824.39920
 194          3854.96880
 195          3885.64310
 196          3916.42150
 197          3947.30450
 198          3978.29140
 199          4009.38280
 200          4040.57940
 201          4071.88220
 202          4103.29020
 203          4134.80370
 204          4166.42430
 205          4198.15170
 206          4229.98600
 207          4261.92710
 208          4293.97610
 209          4326.13290
 210          4358.39820
 211          4390.77240
 212          4423.25550
 213          4455.84770
 214          4488.54980
 215          4521.36350
 216          4554.28630
 217          4587.31970
 218          4620.46480
 219          4653.72160
 220          4687.09110
 221          4720.57290
 222          4754.16570
 223          4787.87330
 224          4821.69440
 225          4855.62900
 226          4889.67870
 227          4923.84210
 228          4958.12120
 229          4992.51660
 230          5027.02730
 231          5061.65350
 232          5096.39860
 233          5131.26040
 234          5166.24080
 235          5201.33840
 236          5236.55340
 237          5271.88880
 238          5307.34370
 239          5342.91810
 240          5378.61230
 241          5414.42860
 242          5450.36540
 243          5486.42510
 244          5522.60580
 245          5558.90930
 246          5595.33640
 247          5631.88590
 248          5668.56140
 249          5705.36040
 250          5742.28460
 251          5779.33310
 252          5816.50850
 253          5853.81090
 254          5891.23890
 255          5928.79520
 256          5966.47980
 257          6004.29180
 258          6042.23350
 259          6080.30390
 260          6118.50360
 261          6156.83480
 262          6195.29710
 263          6233.89060
 264          6272.61440
 265          6311.47170
 266          6350.46260
 267          6389.58630
 268          6428.84280
 269          6468.23430
 270          6507.76200
 271          6547.42390
 272          6587.22230
 273          6627.15570
 274          6667.22840
 275          6707.43890
 276          6747.78540
 277          6788.27150
 278          6828.89690
 279          6869.66170
 280          6910.56710
 281          6951.61320
 282          6992.79920
 283          7034.12770
 284          7075.60040
 285          7117.21450
 286          7158.97200
 287          7200.87360
 288          7242.91960
 289          7285.11100
 290          7327.44860
 291          7369.93140
 292          7412.56110
 293          7455.33790
 294          7498.26410
 295          7541.33760
 296          7584.55920
 297          7627.93160
 298          7671.45330
 299          7715.12720
 300          7758.95190
 301          7802.92640
 302          7847.05550
 303          7891.33640
 304          7935.77230
 305          7980.36070
 306          8025.10390
 307          8070.00310
 308          8115.05900
 309          8160.26950
 310          8205.63610
 311          8251.16230
 312          8296.84690
 313          8342.68900
 314          8388.69080
 315          8434.85240
 316          8481.17460
 317          8527.65800
 318          8574.30290
 319          8621.11140
 320          8668.07950
 321          8715.21480
 322          8762.51160
 323          8809.97430
 324          8857.60100
 325          8905.39340
 326          8953.35430
 327          9001.48020
 328          9049.77390
 329          9098.23710
 330          9146.86850
 331          9195.66970
 332          9244.64040
 333          9293.78250
 334          9343.09430
 335          9392.57890
 336          9442.23580
 337          9492.06670
 338          9542.07030
 339          9592.24830
 340          9642.60150
 341          9693.13040
 342          9743.83490
 343          9794.71550
 344          9845.77510
 345          9897.01120
 346          9948.42890
 347         10000.02200
 348         10051.79500
 349         10103.75200
 350         10155.88800
 351         10208.20700
 352         10260.70500
 353         10313.39000
 354         10366.25800
 355         10419.31000
 356         10472.54400
 357         10525.96600
 358         10579.57400
 359         10633.36800
 360         10687.35000
 361         10741.52000
 362         10795.87900
 363         10850.42700
 364         10905.16400
 365         10960.09400
 366         11015.21200
 367         11070.52500
 368         11126.03000
 369         11181.72600
 370         11237.61800
 371         11293.70600
 372         11349.98600
 373         11406.46100
 374         11463.13500
 375         11520.00500
 376         11577.07300
 377         11634.33800
 378         11691.80200
 379         11749.46700
 380         11807.33200
 381         11865.39800
 382         11923.66600
 383         11982.13800
 384         12040.81000
 385         12099.68600
 386         12158.76600
 387         12218.05000
 388         12277.54200
 389         12337.24000
 390         12397.14200
 391         12457.25400
 392         12517.57500
 393         12578.10500
 394         12638.84100
 395         12699.79100
 396         12760.95000
 397         12822.31900
 398         12883.90300
 399         12945.70000
 400         13007.70700
 401         13069.93300
 402         13132.37200
 403         13195.02600
 404         13257.89700
 405         13320.98400
 406         13384.28700
 407         13447.81100
 408         13511.55400
 409         13575.51500
 410         13639.69700
 411         13704.10200
 412         13768.72600
 413         13833.57300
 414         13898.64400
 415         13963.93900
 416         14029.45600
 417         14095.19900
 418         14161.16800
 419         14227.36600
 420         14293.78900
 421         14360.43900
 422         14427.32100
 423         14494.43000
 424         14561.76800
 425         14629.33600
 426         14697.13700
 427         14765.17100
 428         14833.43400
 429         14901.93400
 430         14970.66600
 431         15039.63500
 432         15108.83800
 433         15178.28000
 434         15247.95500
 435         15317.86800
 436         15388.02300
 437         15458.41400
 438         15529.04500
 439         15599.91800
 440         15671.03100
 441         15742.38700
 442         15813.98300
 443         15885.82200
 444         15957.90800
 445         16030.23600
 446         16102.81300
 447         16175.63400
 448         16248.70300
 449         16322.02100
 450         16395.58300
 451         16469.39700
 452         16543.45900
 453         16617.77200
 454         16692.33600
 455         16767.15400
 456         16842.22300
 457         16917.54500
 458         16993.12200
 459         17068.95400
 460         17145.04000
 461         17221.38500
 462         17297.98200
 463         17374.84100
 464         17451.95700
 465         17529.33300
 466         17606.96800
 467         17684.86700
 468         17763.02500
 469         17841.44600
 470         17920.12500
 471         17999.06900
 472         18078.28200
 473         18157.75600
 474         18237.49900
 475         18317.50800
 476         18397.78300
 477         18478.32900
 478         18559.14200
 479         18640.22600
 480         18721.57100
 481         18803.19800
 482         18885.09300
 483         18967.26100
 484         19049.70200
 485         19132.42000
 486         19215.40900
 487         19298.67400
 488         19382.21700
 489         19466.03600
 490         19550.13100
 491         19634.50800
 492         19719.16300
 493         19804.09800
 494         19889.31400
 495         19974.81200
 496         20060.59400
 497         20146.65600
 498         20233.00300
 499         20319.63400
 500         20406.55300
 501         20493.75400
 502         20581.24600
 503         20669.02500
 504         20757.09200
 505         20845.44700
 506         20934.09900
 507         21023.03400
 508         21112.25900
 509         21201.78300
 510         21291.59700
 511         21381.70600
 512         21472.11000
 513         21562.80800
 514         21653.80500
 515         21745.09700
 516         21836.68600
 517         21928.57800
 518         22020.76500
 519         22113.25500
 520         22206.04300
 521         22299.13800
 522         22392.53100
 523         22486.22700
 524         22580.22800
 525         22674.53900
 526         22769.15100
 527         22864.07000
 528         22959.29500
 529         23054.82800
 530         23150.67300
 531         23246.82900
 532         23343.29800
 533         23440.06900
 534         23537.16100
 535         23634.56400
 536         23732.27400
 537         23830.30200
 538         23928.64700
 539         24027.30600
 540         24126.28600
 541         24225.58500
 542         24325.20100
 543         24425.13600
 544         24525.39200
 545         24625.96800
 546         24726.86100
 547         24828.08200
 548         24929.62500
 549         25031.49500
 550         25133.69100
 551         25236.20600
 552         25339.05600
 553         25442.23300
 554         25545.73100
 555         25649.56400
 556         25753.72600
 557         25858.21900
 558         25963.04300
 559         26068.20400
 560         26173.69000
 561         26279.52100
 562         26385.67900
 563         26492.17700
 564         26599.00700
 565         26706.18200
 566         26813.68700
 567         26921.54000
 568         27029.73000
 569         27138.25800
 570         27247.13400
 571         27356.34400
 572         27465.90900
 573         27575.80700
 574         27686.05600
 575         27796.64700
 576         27907.58700
 577         28018.87800
 578         28130.51800
 579         28242.50300
 580         28354.84400
 581         28467.52800
 582         28580.57100
 583         28693.95900
 584         28807.70700
 585         28921.81100
 586         29036.26800
 587         29151.08500
 588         29266.25500
 589         29381.78100
 590         29497.67200
 591         29613.92200
 592         29730.52800
 593         29847.49700
 594         29964.83200
 595         30082.52300
 596         30200.58600
 597         30319.01200
 598         30437.80300
 599         30556.96500
 600         30676.48700
 601         30796.38300
 602         30916.64400
 603         31037.28000
 604         31158.28300
 605         31279.66300
 606         31401.41100
 607         31523.53300
 608         31646.03500
 609         31768.90800
 610         31892.16000
 611         32015.78900
 612         32139.79200
 613         32264.18000
 614         32388.94700
 615         32514.09400
 616         32639.62300
 617         32765.54000
 618         32891.83700
 619         33018.51300
 620         33145.57700
 621         33273.02900
 622         33400.86600
 623         33529.09400
 624         33657.71100
 625         33786.72300
 626         33916.11800
 627         34045.90700
 628         34176.08900
 629         34306.66500
 630         34437.63300
 631         34568.99900
 632         34700.76200
 633         34832.91900
 634         34965.47800
 635         35098.44000
 636         35231.79300
 637         35365.55600
 638         35499.71300
 639         35634.27000
 640         35769.23800
 641         35904.61100
 642         36040.38400
 643         36176.57100
 644         36313.16300
 645         36450.16100
 646         36587.57200
 647         36725.39200
 648         36863.61800
 649         37002.25700
 650         37141.31600
 651         37280.78100
 652         37420.67100
 653         37560.97000
 654         37701.68600
 655         37842.82200
 656         37984.37800
 657         38126.34600
 658         38268.73900
 659         38411.56100
 660         38554.79500
 661         38698.46000
 662         38842.53900
 663         38987.05400
 664         39131.99100
 665         39277.35400
 666         39423.15000
 667         39569.36500
 668         39716.01900
 669         39863.10200
 670         40010.62000
 671         40158.56900
 672         40306.95200
 673         40455.77500
 674         40605.02300
 675         40754.71700
 676         40904.84200
 677         41055.40500
 678         41206.41600
 679         41357.86500
 680         41509.75700
 681         41662.08600
 682         41814.86700
 683         41968.08300
 684         42121.75100
 685         42275.86400
 686         42430.42200
 687         42585.42900
 688         42740.88700
 689         42896.80000
 690         43053.16300
 691         43209.97600
 692         43367.24600
 693         43524.97000
 694         43683.14300
 695         43841.77300
 696         44000.86700
 697         44160.41600
 698         44320.42800
 699         44480.89500
 700         44641.83000
 701         44803.22400
 702         44965.08600
 703         45127.40500
 704         45290.19100
 705         45453.44400
 706         45617.16500
 707         45781.35900
 708         45946.01900
 709         46111.15100
 710         46276.75100
 711         46442.82800
 712         46609.37700
 713         46776.39400
 714         46943.89400
 715         47111.86600
 716         47280.32200
 717         47449.26200
 718         47618.66900
 719         47788.56200
 720         47958.93700
 721         48129.79000
 722         48301.13400
 723         48472.95500
 724         48645.26600
 725         48818.07300
 726         48991.35800
 727         49165.13100
 728         49339.39500
 729         49514.15200
 730         49689.41000
 731         49865.14800
 732         50041.37900
 733         50218.10700
 734         50395.33700
 735         50573.06200
 736         50751.28800
 737         50930.00800
 738         51109.22700
 739         51288.96100
 740         51469.18100
 741         51649.91800
 742         51831.15400
 743         52012.89900
 744         52195.14200
 745         52377.89500
 746         52561.16300
 747         52744.93600
 748         52929.22300
 749         53114.02100
 750         53299.33500
 751         53485.15800
 752         53671.50300
 753         53858.35600
 754         54045.73700
 755         54233.62500
 756         54422.02800
 757         54610.97200
 758         54800.42000
 759         54990.41100
 760         55180.90100
 761         55371.93300
 762         55563.48300
 763         55755.56700
 764         55948.17200
 765         56141.30600
 766         56334.98400
 767         56529.17600
 768         56723.91800
 769         56919.17500
 770         57114.98100
 771         57311.30900
 772         57508.18800
 773         57705.59400
 774         57903.55000
 775         58102.03900
 776         58301.06600
 777         58500.64700
 778         58700.76000
 779         58901.42200
 780         59102.63000
 781         59304.38500
 782         59506.69200
 783         59709.53300
 784         59912.94000
 785         60116.89200
 786         60321.40000
 787         60526.45900
 788         60732.07200
 789         60938.23900
 790         61144.97800
 791         61352.25300
 792         61560.10300
 793         61768.49900
 794         61977.46500
 795         62187.00200
 796         62397.07700
 797         62607.74000
 798         62818.95900
 799         63030.75400
 800         63243.10200
 801         63456.04000
 802         63669.52700
 803         63883.59500
 804         64098.24400
 805         64313.44800
 806         64529.24500
 807         64745.60400
 808         64962.54500
 809         65180.06300
 810         65398.17300
 811         65616.85400
 812         65836.10600
 813         66055.95500
 814         66276.38600
 815         66497.41600
 816         66718.99900
 817         66941.19800
 818         67163.96900
 819         67387.34400
 820         67611.29900
 821         67835.83700
 822         68060.99900
 823         68286.73700
 824         68513.06900
 825         68739.98900
 826         68967.52800
 827         69195.64900
 828         69424.38500
 829         69653.71300
 830         69883.64200
 831         70114.18200
 832         70345.32500
 833         70577.07300
 834         70809.42700
 835         71042.40500
 836         71275.96700
 837         71510.16300
 838         71744.95300
 839         71980.34800
 840         72216.38800
 841         72453.01900
 842         72690.29000
 843         72928.16200
 844         73166.66000
 845         73405.76200
 846         73645.51700
 847         73885.87000
 848         74126.85400
 849         74368.46200
 850         74610.68800
 851         74853.55800
 852         75097.03900
 853         75341.17500
 854         75585.92500
 855         75831.31500
 856         76077.33000
 857         76323.99600
 858         76571.27200
 859         76819.20300
 860         77067.77200
 861         77316.97200
 862         77566.82900
 863         77817.31200
 864         78068.45400
 865         78320.22500
 866         78572.65800
 867         78825.72100
 868         79079.43300
 869         79333.80300
 870         79588.82300
 871         79844.49600
 872         80100.81400
 873         80357.80300
 874         80615.43100
 875         80873.73400
 876         81132.67000
 877         81392.27400
 878         81652.55600
 879         81913.47500
 880         82175.10000
 881         82437.34800
 882         82700.27000
 883         82963.86800
 884         83228.13600
 885         83493.05600
 886         83758.63900
 887         84024.91100
 888         84291.84900
 889         84559.48000
 890         84827.77900
 891         85096.75600
 892         85366.39400
 893         85636.73000
 894         85907.74000
 895         86179.42400
 896         86451.80900
 897         86724.86300
 898         86998.63100
 899         87273.06000
 900         87548.17000
 901         87823.98900
 902         88100.48200
 903         88377.66900
 904         88655.57800
 905         88934.14700
 906         89213.42300
 907         89493.40700
 908         89774.07300
 909         90055.45800
 910         90337.52900
 911         90620.30400
 912         90903.76600
 913         91187.97100
 914         91472.86700
 915         91758.45400
 916         92044.76900
 917         92331.78000
 918         92619.52100
 919         92907.96000
 920         93197.12400
 921         93486.98700
 922         93777.57900
 923         94068.89000
 924         94360.89700
 925         94653.66200
 926         94947.12500
 927         95241.33100
 928         95536.22800
 929         95831.88100
 930         96128.24600
 931         96425.36000
 932         96723.16900
 933         97021.72200
 934         97321.03800
 935         97621.05300
 936         97921.81500
 937         98223.31700
 938         98525.55100
 939         98828.51700
 940         99132.23600
 941         99436.68100
 942         99741.88100
 943        100047.82000
 944        100354.52000
 945        100661.97000
 946        100970.14000
 947        101279.09000
 948        101588.76000
 949        101899.20000
 950        102210.39000
 951        102522.33000
 952        102835.04000
 953        103148.51000
 954        103462.73000
 955        103777.71000
 956        104093.46000
 957        104409.95000
 958        104727.24000
 959        105045.26000
 960        105364.05000
 961        105683.64000
 962        106003.96000
 963        106325.10000
 964        106646.98000
 965        106969.63000
 966        107293.08000
 967        107617.30000
 968        107942.27000
 969        108268.06000
 970        108594.60000
 971        108921.93000
 972        109250.06000
 973        109578.96000
 974        109908.65000
 975        110239.14000
 976        110570.40000
 977        110902.44000
 978        111235.31000
 979        111568.94000
 980        111903.38000
 981        112238.62000
 982        112574.66000
 983        112911.49000
 984        113249.13000
 985        113587.55000
 986        113926.78000
 987        114266.83000
 988        114607.66000
 989        114949.33000
 990        115291.79000
 991        115635.06000
 992        115979.16000
 993        116324.05000
 994        116669.76000
 995        117016.29000
 996        117363.63000
 997        117711.80000
 998        118060.77000
 999        118410.60000
1000        118761.21000