   1             0.83019
   2             2.14174
   3             3.81148
   4             5.77562
   5             7.99531
   6            10.44395
   7            13.10187
   8            15.95373
   9            18.98715
  10            22.19188
  11            25.55921
  12            29.08168
  13            32.75272
  14            36.56659
  15            40.51811
  16            44.60270
  17            48.81615
  18            53.15466
  19            57.61472
  20            62.19313
  21            66.88693
  22            71.69338
  23            76.60986
  24            81.63402
  25            86.76359
  26            91.99647
  27            97.33067
  28           102.76434
  29           108.29564
  30           113.92294
  31           119.64467
  32           125.45924
  33           131.36522
  34           137.36124
  35           143.44598
  36           149.61819
  37           155.87666
  38           162.22020
  39           168.64771
  40           175.15811
  41           181.75038
  42           188.42351
  43           195.17657
  44           202.00862
  45           208.91875
  46           215.90614
  47           222.96991
  48           230.10930
  49           237.32346
  50           244.61169
  51           251.97325
  52           259.40741
  53           266.91348
  54           274.49082
  55           282.13871
  56           289.85654
  57           297.64368
  58           305.49955
  59           313.42360
  60           321.41518
  61           329.47390
  62           337.59897
  63           345.78999
  64           354.04642
  65           362.36782
  66           370.75361
  67           379.20325
  68           387.71657
  69           396.29275
  70           404.93148
  71           413.63235
  72           422.39497
  73           431.21883
  74           440.10352
  75           449.04873
  76           458.05393
  77           467.11891
  78           476.24306
  79           485.42625
  80           494.66786
  81           503.96788
  82           513.32575
  83           522.74096
  84           532.21350
  85           541.74283
  86           551.32876
  87           560.97101
  88           570.66910
  89           580.42279
  90           590.23193
  91           600.09602
  92           610.01485
  93           619.98831
  94           630.01587
  95           640.09742
  96           650.23268
  97           660.42143
  98           670.66332
  99           680.95826
 100           691.30591
 101           701.70611
 102           712.15834
 103           722.66287
 104           733.21907
 105           743.82716
 106           754.48655
 107           765.19699
 108           775.95875
 109           786.77127
 110           797.63440
 111           808.54807
 112           819.51203
 113           830.52631
 114           841.59036
 115           852.70448
 116           863.86805
 117           875.08125
 118           886.34365
 119           897.65569
 120           909.01650
 121           920.42646
 122           931.88539
 123           943.39288
 124           954.94930
 125           966.55387
 126           978.20692
 127           989.90841
 128          1001.65800
 129          1013.45600
 130          1025.30160
 131          1037.19550
 132          1049.13720
 133          1061.12670
 134          1073.16370
 135          1085.24850
 136          1097.38090
 137          1109.56090
 138          1121.78860
 139          1134.06330
 140          1146.38580
 141          1158.75530
 142          1171.17220
 143          1183.63670
 144          1196.14810
 145          1208.70710
 146          1221.31320
 147          1233.96630
 148          1246.66650
 149          1259.41410
 150          1272.20880
 151          1285.05090
 152          1297.94000
 153          1310.87620
 154          1323.85970
 155          1336.89040
 156          1349.96850
 157          1363.09370
 158          1376.26600
 159          1389.48590
 160          1402.75280
 161          1416.06740
 162          1429.42920
 163          1442.83850
 164          1456.29540
 165          1469.79990
 166          1483.35190
 167          1496.95150
 168          1510.59890
 169          1524.29420
 170          1538.03710
 171          1551.82840
 172          1565.66730
 173          1579.55430
 174          1593.48940
 175          1607.47320
 176          1621.50490
 177          1635.58510
 178          1649.71380
 179          1663.89110
 180          1678.11700
 181          1692.39190
 182          1706.71580
 183          1721.08820
 184          1735.51010
 185          1749.98110
 186          1764.50150
 187          1779.07150
 188          1793.69100
 189          1808.36010
 190          1823.07910
 191          1837.84810
 192          1852.66740
 193          1867.53670
 194          1882.45630
 195          1897.42640
 196          1912.44710
 197          1927.51900
 198          1942.64150
 199          1957.81470
 200          1973.03980
 201          1988.31610
 202          2003.64380
 203          2019.02280
 204          2034.45450
 205          2049.93770
 206          2065.47330
 207          2081.06070
 208          2096.70120
 209          2112.39420
 210          2128.14050
 211          2143.93910
 212          2159.79110
 213          2175.69680
 214          2191.65540
 215          2207.66850
 216          2223.73550
 217          2239.85580
 218          2256.03080
 219          2272.26060
 220          2288.54470
 221          2304.88410
 222          2321.27840
 223          2337.72790
 224          2354.23300
 225          2370.79330
 226          2387.41050
 227          2404.08260
 228          2420.81170
 229          2437.59710
 230          2454.43910
 231          2471.33790
 232          2488.29420
 233          2505.30780
 234          2522.37900
 235          2539.50760
 236          2556.69360
 237          2573.93890
 238          2591.24260
 239          2608.60460
 240          2626.02500
 241          2643.50530
 242          2661.04470
 243          2678.64360
 244          2696.30210
 245          2714.02030
 246          2731.79920
 247          2749.63880
 248          2767.53880
 249          2785.50010
 250          2803.52150
 251          2821.60550
 252          2839.75050
 253          2857.95770
 254          2876.22670
 255          2894.55880
 256          2912.95270
 257          2931.40970
 258          2949.93040
 259          2968.51350
 260          2987.16070
 261          3005.87180
 262          3024.64700
 263          3043.48680
 264          3062.39070
 265          3081.35950
 266          3100.39360
 267          3119.49300
 268          3138.65810
 269          3157.88890
 270          3177.18570
 271          3196.54940
 272          3215.97970
 273          3235.47650
 274          3255.04090
 275          3274.67240
 276          3294.37200
 277          3314.13920
 278          3333.97500
 279          3353.87920
 280          3373.85200
 281          3393.89350
 282          3414.00430
 283          3434.18500
 284          3454.43610
 285          3474.75690
 286          3495.14800
 287          3515.60920
 288          3536.14240
 289          3556.74660
 290          3577.42210
 291          3598.16940
 292          3618.98830
 293          3639.88020
 294          3660.84410
 295          3681.88140
 296          3702.99130
 297          3724.17480
 298          3745.43190
 299          3766.76350
 300          3788.16910
 301          3809.64880
 302          3831.20440
 303          3852.83430
 304          3874.54000
 305          3896.32120
 306          3918.17790
 307          3940.11170
 308          3962.12200
 309          3984.20870
 310          4006.37190
 311          4028.61370
 312          4050.93280
 313          4073.33010
 314          4095.80530
 315          4118.35870
 316          4140.99270
 317          4163.70420
 318          4186.49540
 319          4209.36700
 320          4232.31800
 321          4255.34990
 322          4278.46170
 323          4301.65530
 324          4324.92910
 325          4348.28580
 326          4371.72310
 327          4395.24340
 328          4418.84560
 329          4442.52990
 330          4466.29910
 331          4490.14950
 332          4514.08500
 333          4538.10350
 334          4562.20620
 335          4586.39450
 336          4610.66680
 337          4635.02500
 338          4659.46780
 339          4683.99600
 340          4708.61110
 341          4733.31250
 342          4758.10090
 343          4782.97560
 344          4807.93710
 345          4832.98770
 346          4858.12470
 347          4883.35100
 348          4908.66430
 349          4934.06770
 350          4959.56050
 351          4985.14240
 352          5010.81320
 353          5036.57450
 354          5062.42710
 355          5088.36910
 356          5114.40260
 357          5140.52850
 358          5166.74390
 359          5193.05280
 360          5219.45300
 361          5245.94700
 362          5272.53240
 363          5299.21130
 364          5325.98500
 365          5352.85220
 366          5379.81180
 367          5406.86730
 368          5434.01740
 369          5461.26260
 370          5488.60310
 371          5516.03940
 372          5543.57230
 373          5571.20110
 374          5598.92730
 375          5626.74900
 376          5654.66930
 377          5682.68750
 378          5710.80170
 379          5739.01570
 380          5767.32860
 381          5795.74040
 382          5824.25130
 383          5852.86170
 384          5881.57250
 385          5910.38350
 386          5939.29470
 387          5968.30510
 388          5997.41960
 389          6026.63360
 390          6055.95140
 391          6085.37100
 392          6114.89340
 393          6144.51730
 394          6174.24530
 395          6204.07660
 396          6234.01220
 397          6264.05130
 398          6294.19540
 399          6324.44490
 400          6354.79950
 401          6385.25920
 402          6415.82470
 403          6446.49660
 404          6477.27450
 405          6508.16110
 406          6539.15130
 407          6570.25250
 408          6601.45960
 409          6632.77640
 410          6664.20210
 411          6695.73530
 412          6727.37930
 413          6759.13160
 414          6790.99430
 415          6822.96600
 416          6855.04940
 417          6887.24430
 418          6919.55000
 419          6951.96680
 420          6984.49620
 421          7017.13860
 422          7049.89270
 423          7082.76050
 424          7115.74080
 425          7148.83390
 426          7182.04300
 427          7215.36510
 428          7248.80220
 429          7282.35550
 430          7316.02340
 431          7349.80690
 432          7383.70760
 433          7417.72360
 434          7451.85520
 435          7486.10630
 436          7520.47370
 437          7554.95970
 438          7589.56340
 439          7624.28640
 440          7659.12730
 441          7694.08880
 442          7729.16850
 443          7764.36770
 444          7799.68820
 445          7835.12910
 446          7870.69140
 447          7906.37490
 448          7942.18050
 449          7978.10810
 450          8014.15800
 451          8050.33010
 452          8086.62710
 453          8123.04470
 454          8159.58790
 455          8196.25660
 456          8233.04810
 457          8269.96540
 458          8307.00690
 459          8344.17550
 460          8381.46970
 461          8418.89060
 462          8456.43660
 463          8494.11070
 464          8531.91200
 465          8569.84280
 466          8607.90090
 467          8646.08620
 468          8684.40210
 469          8722.84600
 470          8761.42130
 471          8800.12530
 472          8838.95910
 473          8877.92490
 474          8917.02180
 475          8956.25030
 476          8995.61020
 477          9035.10240
 478          9074.72680
 479          9114.48620
 480          9154.37480
 481          9194.40050
 482          9234.55920
 483          9274.85340
 484          9315.28150
 485          9355.84520
 486          9396.54480
 487          9437.37830
 488          9478.34860
 489          9519.45730
 490          9560.70120
 491          9602.08480
 492          9643.60440
 493          9685.26340
 494          9727.06100
 495          9768.99760
 496          9811.07360
 497          9853.28940
 498          9895.64410
 499          9938.13890
 500          9980.77590
 501         10023.55300
 502         10066.47300
 503         10109.53500
 504         10152.73900
 505         10196.08700
 506         10239.57600
 507         10283.21000
 508         10326.98500
 509         10370.90700
 510         10414.97400
 511         10459.18600
 512         10503.54200
 513         10548.04500
 514         10592.69500
 515         10637.49000
 516         10682.43400
 517         10727.52200
 518         10772.76000
 519         10818.14500
 520         10863.68000
 521         10909.36500
 522         10955.19700
 523         11001.17900
 524         11047.31500
 525         11093.59600
 526         11140.03200
 527         11186.61600
 528         11233.35400
 529         11280.24100
 530         11327.28500
 531         11374.47800
 532         11421.82900
 533         11469.32900
 534         11516.98600
 535         11564.79600
 536         11612.76100
 537         11660.88100
 538         11709.15800
 539         11757.59100
 540         11806.17800
 541         11854.92700
 542         11903.82900
 543         11952.89000
 544         12002.10900
 545         12051.48800
 546         12101.02000
 547         12150.71700
 548         12200.57400
 549         12250.59000
 550         12300.76700
 551         12351.10300
 552         12401.60200
 553         12452.26300
 554         12503.08500
 555         12554.07000
 556         12605.21700
 557         12656.52700
 558         12708.00300
 559         12759.64300
 560         12811.44800
 561         12863.41800
 562         12915.55000
 563         12967.85200
 564         13020.31800
 565         13072.95000
 566         13125.75200
 567         13178.72100
 568         13231.85800
 569         13285.16200
 570         13338.63500
 571         13392.27800
 572         13446.09100
 573         13500.07500
 574         13554.22600
 575         13608.54900
 576         13663.04300
 577         13717.71100
 578         13772.54900
 579         13827.56300
 580         13882.74700
 581         13938.10500
 582         13993.63600
 583         14049.34100
 584         14105.22200
 585         14161.27800
 586         14217.51100
 587         14273.91600
 588         14330.50100
 589         14387.26100
 590         14444.20100
 591         14501.31600
 592         14558.60900
 593         14616.08200
 594         14673.73200
 595         14731.56500
 596         14789.57600
 597         14847.76700
 598         14906.13900
 599         14964.69000
 600         15023.42500
 601         15082.34100
 602         15141.44000
 603         15200.72100
 604         15260.18800
 605         15319.83600
 606         15379.67000
 607         15439.68900
 608         15499.89300
 609         15560.27800
 610         15620.85300
 611         15681.61400
 612         15742.56100
 613         15803.69800
 614         15865.01900
 615         15926.53000
 616         15988.23100
 617         16050.11900
 618         16112.19900
 619         16174.46800
 620         16236.92400
 621         16299.57400
 622         16362.41600
 623         16425.44700
 624         16488.67500
 625         16552.09100
 626         16615.70200
 627         16679.50700
 628         16743.50400
 629         16807.69700
 630         16872.08300
 631         16936.66700
 632         17001.44600
 633         17066.42000
 634         17131.59100
 635         17196.96100
 636         17262.52700
 637         17328.29400
 638         17394.25700
 639         17460.42100
 640         17526.78000
 641         17593.34100
 642         17660.10400
 643         17727.06900
 644         17794.23200
 645         17861.59900
 646         17929.16600
 647         17996.94000
 648         18064.91100
 649         18133.08800
 650         18201.47000
 651         18270.06000
 652         18338.84900
 653         18407.84700
 654         18477.05200
 655         18546.46200
 656         18616.07800
 657         18685.90200
 658         18755.93000
 659         18826.17300
 660         18896.62200
 661         18967.27900
 662         19038.14700
 663         19109.22400
 664         19180.51500
 665         19252.01300
 666         19323.72500
 667         19395.64500
 668         19467.78300
 669         19540.13200
 670         19612.69700
 671         19685.47100
 672         19758.46300
 673         19831.66900
 674         19905.09100
 675         19978.72900
 676         20052.58000
 677         20126.65200
 678         20200.93900
 679         20275.44800
 680         20350.17000
 681         20425.11500
 682         20500.27600
 683         20575.65700
 684         20651.26300
 685         20727.08200
 686         20803.12600
 687         20879.39500
 688         20955.88300
 689         21032.59300
 690         21109.52700
 691         21186.68600
 692         21264.07000
 693         21341.67400
 694         21419.50800
 695         21497.56300
 696         21575.84800
 697         21654.35500
 698         21733.09400
 699         21812.06200
 700         21891.25700
 701         21970.67800
 702         22050.32800
 703         22130.20800
 704         22210.32000
 705         22290.66200
 706         22371.23400
 707         22452.03900
 708         22533.07500
 709         22614.34100
 710         22695.84700
 711         22777.58200
 712         22859.55100
 713         22941.75200
 714         23024.19400
 715         23106.86900
 716         23189.78200
 717         23272.93000
 718         23356.31500
 719         23439.93700
 720         23523.79900
 721         23607.89700
 722         23692.24000
 723         23776.81400
 724         23861.63400
 725         23946.69400
 726         24031.99600
 727         24117.53800
 728         24203.32300
 729         24289.35200
 730         24375.62200
 731         24462.13600
 732         24548.89500
 733         24635.89800
 734         24723.14700
 735         24810.64100
 736         24898.38600
 737         24986.37300
 738         25074.61000
 739         25163.09400
 740         25251.82500
 741         25340.80800
 742         25430.03500
 743         25519.52400
 744         25609.25300
 745         25699.23500
 746         25789.46800
 747         25879.95300
 748         25970.69800
 749         26061.68700
 750         26152.93500
 751         26244.43200
 752         26336.18700
 753         26428.20200
 754         26520.47000
 755         26612.98900
 756         26705.76800
 757         26798.81000
 758         26892.09900
 759         26985.65500
 760         27079.47100
 761         27173.54500
 762         27267.87400
 763         27362.46700
 764         27457.32100
 765         27552.43400
 766         27647.81600
 767         27743.45800
 768         27839.36400
 769         27935.53100
 770         28031.96800
 771         28128.66300
 772         28225.63100
 773         28322.85800
 774         28420.35000
 775         28518.11700
 776         28616.14700
 777         28714.44800
 778         28813.01400
 779         28911.85300
 780         29010.96200
 781         29110.34000
 782         29209.99100
 783         29309.90700
 784         29410.10300
 785         29510.56600
 786         29611.30800
 787         29712.31600
 788         29813.61000
 789         29915.16600
 790         30017.00200
 791         30119.11600
 792         30221.50800
 793         30324.17100
 794         30427.11600
 795         30530.33900
 796         30633.84000
 797         30737.62100
 798         30841.68000
 799         30946.02200
 800         31050.64400
 801         31155.54700
 802         31260.73200
 803         31366.19600
 804         31471.95200
 805         31577.98400
 806         31684.30800
 807         31790.91000
 808         31897.80200
 809         32004.97800
 810         32112.44400
 811         32220.18900
 812         32328.22600
 813         32436.55900
 814         32545.16900
 815         32654.07600
 816         32763.26900
 817         32872.75700
 818         32982.53200
 819         33092.60200
 820         33202.96400
 821         33313.61400
 822         33424.56100
 823         33535.80300
 824         33647.34400
 825         33759.17200
 826         33871.30000
 827         33983.72400
 828         34096.45000
 829         34209.46100
 830         34322.77900
 831         34436.40000
 832         34550.31200
 833         34664.52900
 834         34779.03800
 835         34893.85700
 836         35008.97800
 837         35124.39700
 838         35240.11500
 839         35356.14200
 840         35472.47700
 841         35589.11300
 842         35706.05400
 843         35823.29800
 844         35940.85300
 845         36058.71500
 846         36176.88100
 847         36295.35200
 848         36414.14000
 849         36533.23100
 850         36652.63100
 851         36772.35600
 852         36892.37500
 853         37012.71600
 854         37133.35700
 855         37254.32800
 856         37375.60100
 857         37497.19300
 858         37619.09200
 859         37741.31600
 860         37863.85700
 861         37986.69800
 862         38109.87900
 863         38233.36500
 864         38357.17500
 865         38481.29600
 866         38605.74700
 867         38730.50600
 868         38855.59100
 869         38981.00700
 870         39106.72900
 871         39232.78300
 872         39359.15300
 873         39485.85200
 874         39612.87700
 875         39740.23300
 876         39867.90200
 877         39995.89900
 878         40124.23300
 879         40252.87800
 880         40381.87000
 881         40511.18400
 882         40640.82800
 883         40770.79500
 884         40901.10200
 885         41031.73000
 886         41162.69400
 887         41293.99700
 888         41425.62600
 889         41557.59500
 890         41689.89100
 891         41822.52700
 892         41955.49700
 893         42088.80800
 894         42222.45400
 895         42356.42500
 896         42490.75400
 897         42625.40600
 898         42760.40700
 899         42895.74200
 900         43031.42300
 901         43167.43900
 902         43303.80200
 903         43440.50600
 904         43577.55400
 905         43714.94400
 906         43852.67500
 907         43990.75800
 908         44129.18400
 909         44267.96300
 910         44407.08200
 911         44546.55000
 912         44686.36500
 913         44826.53000
 914         44967.04200
 915         45107.90600
 916         45249.12400
 917         45390.69000
 918         45532.61600
 919         45674.88700
 920         45817.50900
 921         45960.48300
 922         46103.82300
 923         46247.51100
 924         46391.55400
 925         46535.96400
 926         46680.72000
 927         46825.83700
 928         46971.30900
 929         47117.15800
 930         47263.35000
 931         47409.90500
 932         47556.81900
 933         47704.09300
 934         47851.74600
 935         47999.75100
 936         48148.12200
 937         48296.85600
 938         48445.95300
 939         48595.41800
 940         48745.25700
 941         48895.44700
 942         49046.01700
 943         49196.95800
 944         49348.25200
 945         49499.93300
 946         49651.97300
 947         49804.39600
 948         49957.18000
 949         50110.33900
 950         50263.87400
 951         50417.78100
 952         50572.07100
 953         50726.71900
 954         50881.76500
 955         51037.16700
 956         51192.95800
 957         51349.11600
 958         51505.67000
 959         51662.58300
 960         51819.87800
 961         51977.57600
 962         52135.63400
 963         52294.08200
 964         52452.91200
 965         52612.12700
 966         52771.71600
 967         52931.70200
 968         53092.06600
 969         53252.82500
 970         53413.95500
 971         53575.48500
 972         53737.40100
 973         53899.70500
 974         54062.40100
 975         54225.47200
 976         54388.96100
 977         54552.81600
 978         54717.08100
 979         54881.73300
 980         55046.76100
 981         55212.20300
 982         55378.04300
 983         55544.26800
 984         55710.89300
 985         55877.92300
 986         56045.33500
 987         56213.16300
 988         56381.37500
 989         56549.99000
 990         56719.01500
 991         56888.41900
 992         57058.25000
 993         57228.47100
 994         57399.10500
 995         57570.13200
 996         57741.56200
 997         57913.40700
 998         58085.65200
 999         58258.31200
1000         58431.36900