   1             9.84020
   2            25.45530
   3            45.33421
   4            68.71970
   5            95.14936
   6           124.30636
   7           155.95615
   8           189.91606
   9           226.03874
  10           264.20187
  11           304.30182
  12           346.24957
  13           389.96698
  14           435.38556
  15           482.44391
  16           531.08704
  17           581.26501
  18           632.93243
  19           686.04785
  20           740.57281
  21           796.47211
  22           853.71283
  23           912.26453
  24           972.09857
  25          1033.18800
  26          1095.50790
  27          1159.03500
  28          1223.74620
  29          1289.62060
  30          1356.63880
  31          1424.78060
  32          1494.02870
  33          1564.36570
  34          1635.77530
  35          1708.24120
  36          1781.74890
  37          1856.28390
  38          1931.83220
  39          2008.38040
  40          2085.91630
  41          2164.42700
  42          2243.90090
  43          2324.32690
  44          2405.69340
  45          2487.99070
  46          2571.20700
  47          2655.33350
  48          2740.36060
  49          2826.27860
  50          2913.07810
  51          3000.75120
  52          3089.28880
  53          3178.68360
  54          3268.92650
  55          3360.00960
  56          3451.92610
  57          3544.66810
  58          3638.22910
  59          3732.60150
  60          3827.77860
  61          3923.75420
  62          4020.52170
  63          4118.07380
  64          4216.40550
  65          4315.50970
  66          4415.38160
  67          4516.01430
  68          4617.40530
  69          4719.54450
  70          4822.42900
  71          4926.05380
  72          5030.41410
  73          5135.50320
  74          5241.31750
  75          5347.85240
  76          5455.10190
  77          5563.06130
  78          5671.72850
  79          5781.09650
  80          5891.16320
  81          6001.92150
  82          6113.37080
  83          6225.50460
  84          6338.31940
  85          6451.81240
  86          6565.97890
  87          6680.81360
  88          6796.31520
  89          6912.48040
  90          7029.30350
  91          7146.78230
  92          7264.91350
  93          7383.69390
  94          7503.12120
  95          7623.18940
  96          7743.89680
  97          7865.24200
  98          7987.22160
  99          8109.83190
 100          8233.06870
 101          8356.93250
 102          8481.41820
 103          8606.52320
 104          8732.24500
 105          8858.58500
 106          8985.53580
 107          9113.09670
 108          9241.26650
 109          9370.03960
 110          9499.41760
 111          9629.39710
 112          9759.97670
 113          9891.15200
 114         10022.92400
 115         10155.29000
 116         10288.24500
 117         10421.79100
 118         10555.92400
 119         10690.64800
 120         10825.95300
 121         10961.84200
 122         11098.31300
 123         11235.36600
 124         11372.99600
 125         11511.20200
 126         11649.98900
 127         11789.34900
 128         11929.28200
 129         12069.79100
 130         12210.86700
 131         12352.52000
 132         12494.73800
 133         12637.52500
 134         12780.88100
 135         12924.80500
 136         13069.29600
 137         13214.35400
 138         13359.97500
 139         13506.16000
 140         13652.91000
 141         13800.22500
 142         13948.10100
 143         14096.54200
 144         14245.54100
 145         14395.10400
 146         14545.22700
 147         14695.91600
 148         14847.16200
 149         14998.97000
 150         15151.34100
 151         15304.27000
 152         15457.76200
 153         15611.81400
 154         15766.42800
 155         15921.60200
 156         16077.33700
 157         16233.63500
 158         16390.49200
 159         16547.91500
 160         16705.89400
 161         16864.44300
 162         17023.55000
 163         17183.22400
 164         17343.45900
 165         17504.26100
 166         17665.62700
 167         17827.55900
 168         17990.05800
 169         18153.12500
 170         18316.75800
 171         18480.96300
 172         18645.73300
 173         18811.07900
 174         18976.98900
 175         19143.47300
 176         19310.53200
 177         19478.16400
 178         19646.37100
 179         19815.15300
 180         19984.51600
 181         20154.45300
 182         20324.96900
 183         20496.06800
 184         20667.74500
 185         20840.01000
 186         21012.85700
 187         21186.29400
 188         21360.31100
 189         21534.91600
 190         21710.11400
 191         21885.90700
 192         22062.28900
 193         22239.26600
 194         22416.83200
 195         22595.00400
 196         22773.77300
 197         22953.14000
 198         23133.11100
 199         23313.68200
 200         23494.85800
 201         23676.64400
 202         23859.03800
 203         24042.04000
 204         24225.65800
 205         24409.89300
 206         24594.73900
 207         24780.20300
 208         24966.28600
 209         25152.99400
 210         25340.32400
 211         25528.28100
 212         25716.86100
 213         25906.07100
 214         26095.91600
 215         26286.38900
 216         26477.51100
 217         26669.25400
 218         26861.64500
 219         27054.68300
 220         27248.35900
 221         27442.68800
 222         27637.65300
 223         27833.27800
 224         28029.55600
 225         28226.49000
 226         28424.07700
 227         28622.32800
 228         28821.23900
 229         29020.81400
 230         29221.06100
 231         29421.97400
 232         29623.55800
 233         29825.81800
 234         30028.75700
 235         30232.37500
 236         30436.66700
 237         30641.64700
 238         30847.31900
 239         31053.67200
 240         31260.72000
 241         31468.45800
 242         31676.90100
 243         31886.04200
 244         32095.88200
 245         32306.42300
 246         32517.67600
 247         32729.64500
 248         32942.31700
 249         33155.71100
 250         33369.81400
 251         33584.64600
 252         33800.19900
 253         34016.47600
 254         34233.47900
 255         34451.22500
 256         34669.69700
 257         34888.91400
 258         35108.86100
 259         35329.55100
 260         35550.99500
 261         35773.18500
 262         35996.12000
 263         36219.81700
 264         36444.26800
 265         36669.47000
 266         36895.44900
 267         37122.19000
 268         37349.68800
 269         37577.97400
 270         37807.02900
 271         38036.86800
 272         38267.47800
 273         38498.87200
 274         38731.05600
 275         38964.02700
 276         39197.79700
 277         39432.35600
 278         39667.71000
 279         39903.86800
 280         40140.83600
 281         40378.61300
 282         40617.19800
 283         40856.58700
 284         41096.80900
 285         41337.84700
 286         41579.70800
 287         41822.38800
 288         42065.90800
 289         42310.25000
 290         42555.43900
 291         42801.46200
 292         43048.32800
 293         43296.04000
 294         43544.59700
 295         43794.00400
 296         44044.27300
 297         44295.39500
 298         44547.37800
 299         44800.22900
 300         45053.95800
 301         45308.54300
 302         45564.00000
 303         45820.34600
 304         46077.57200
 305         46335.67400
 306         46594.67100
 307         46854.55200
 308         47115.33300
 309         47377.00900
 310         47639.58500
 311         47903.06300
 312         48167.45300
 313         48432.75400
 314         48698.97000
 315         48966.09600
 316         49234.14900
 317         49503.12400
 318         49773.03100
 319         50043.86700
 320         50315.63000
 321         50588.33500
 322         50861.98300
 323         51136.57600
 324         51412.11200
 325         51688.60600
 326         51966.04900
 327         52244.45100
 328         52523.81800
 329         52804.14800
 330         53085.45500
 331         53367.72400
 332         53650.97100
 333         53935.19500
 334         54220.39700
 335         54506.58900
 336         54793.77900
 337         55081.95400
 338         55371.12300
 339         55661.30200
 340         55952.47000
 341         56244.65700
 342         56537.86100
 343         56832.05400
 344         57127.28600
 345         57423.53100
 346         57720.80200
 347         58019.09400
 348         58318.42900
 349         58618.79400
 350         58920.20000
 351         59222.64900
 352         59526.13900
 353         59830.68000
 354         60136.28300
 355         60442.94100
 356         60750.65600
 357         61059.43400
 358         61369.27400
 359         61680.19300
 360         61992.19000
 361         62305.25000
 362         62619.40900
 363         62934.64600
 364         63250.97500
 365         63568.40300
 366         63886.90900
 367         64206.53100
 368         64527.26500
 369         64849.08900
 370         65172.03400
 371         65496.09000
 372         65821.27400
 373         66147.57000
 374         66475.00700
 375         66803.56300
 376         67133.25600
 377         67464.08100
 378         67796.04600
 379         68129.16100
 380         68463.42400
 381         68798.84100
 382         69135.41000
 383         69473.15000
 384         69812.04700
 385         70152.11400
 386         70493.35100
 387         70835.74900
 388         71179.33700
 389         71524.10900
 390         71870.07600
 391         72217.22500
 392         72565.56900
 393         72915.11300
 394         73265.86000
 395         73617.80700
 396         73970.96100
 397         74325.32700
 398         74680.91800
 399         75037.72900
 400         75395.75700
 401         75755.02300
 402         76115.53000
 403         76477.25800
 404         76840.22700
 405         77204.44300
 406         77569.89100
 407         77936.61200
 408         78304.59200
 409         78673.81700
 410         79044.31000
 411         79416.07500
 412         79789.10800
 413         80163.41200
 414         80539.01000
 415         80915.86100
 416         81294.01600
 417         81673.47700
 418         82054.22200
 419         82436.26500
 420         82819.61000
 421         83204.27100
 422         83590.22400
 423         83977.51100
 424         84366.09800
 425         84756.01900
 426         85147.24900
 427         85539.84000
 428         85933.74000
 429         86328.99100
 430         86725.57800
 431         87123.52500
 432         87522.81700
 433         87923.45800
 434         88325.46400
 435         88728.81800
 436         89133.55400
 437         89539.65800
 438         89947.12400
 439         90355.98500
 440         90766.22600
 441         91177.85300
 442         91590.87000
 443         92005.26200
 444         92421.08900
 445         92838.30100
 446         93256.91100
 447         93676.96100
 448         94098.41800
 449         94521.27800
 450         94945.57200
 451         95371.29600
 452         95798.43500
 453         96227.02200
 454         96657.06300
 455         97088.52300
 456         97521.45400
 457         97955.82300
 458         98391.65300
 459         98828.95900
 460         99267.71700
 461         99707.93900
 462        100149.63000
 463        100592.81000
 464        101037.47000
 465        101483.62000
 466        101931.26000
 467        102380.40000
 468        102831.02000
 469        103283.16000
 470        103736.81000
 471        104191.94000
 472        104648.61000
 473        105106.80000
 474        105566.51000
 475        106027.74000
 476        106490.53000
 477        106954.84000
 478        107420.68000
 479        107888.09000
 480        108357.00000
 481        108827.51000
 482        109299.56000
 483        109773.19000
 484        110248.38000
 485        110725.13000
 486        111203.45000
 487        111683.38000
 488        112164.88000
 489        112647.96000
 490        113132.63000
 491        113618.90000
 492        114106.80000
 493        114596.27000
 494        115087.36000
 495        115580.07000
 496        116074.41000
 497        116570.35000
 498        117067.94000
 499        117567.12000
 500        118067.98000
 501        118570.48000
 502        119074.61000
 503        119580.39000
 504        120087.83000
 505        120596.92000
 506        121107.69000
 507        121620.12000
 508        122134.20000
 509        122649.97000
 510        123167.42000
 511        123686.56000
 512        124207.41000
 513        124729.93000
 514        125254.15000
 515        125780.08000
 516        126307.69000
 517        126837.07000
 518        127368.11000
 519        127900.88000
 520        128435.41000
 521        128971.63000
 522        129509.60000
 523        130049.32000
 524        130590.78000
 525        131133.97000
 526        131678.94000
 527        132225.63000
 528        132774.11000
 529        133324.34000
 530        133876.37000
 531        134430.16000
 532        134985.73000
 533        135543.08000
 534        136102.24000
 535        136663.16000
 536        137225.89000
 537        137790.42000
 538        138356.78000
 539        138924.93000
 540        139494.88000
 541        140066.71000
 542        140640.34000
 543        141215.79000
 544        141793.07000
 545        142372.19000
 546        142953.14000
 547        143535.98000
 548        144120.68000
 549        144707.22000
 550        145295.61000
 551        145885.89000
 552        146478.02000
 553        147072.05000
 554        147667.97000
 555        148265.74000
 556        148865.41000
 557        149467.00000
 558        150070.47000
 559        150675.85000
 560        151283.14000
 561        151892.38000
 562        152503.53000
 563        153116.58000
 564        153731.54000
 565        154348.47000
 566        154967.32000
 567        155588.15000
 568        156210.91000
 569        156835.63000
 570        157462.27000
 571        158090.95000
 572        158721.54000
 573        159354.11000
 574        159988.66000
 575        160625.19000
 576        161263.70000
 577        161904.24000
 578        162546.76000
 579        163191.27000
 580        163837.79000
 581        164486.33000
 582        165136.88000
 583        165789.44000
 584        166444.05000
 585        167100.67000
 586        167759.36000
 587        168420.07000
 588        169082.84000
 589        169747.69000
 590        170414.52000
 591        171083.48000
 592        171754.44000
 593        172427.52000
 594        173102.67000
 595        173779.89000
 596        174459.20000
 597        175140.62000
 598        175824.12000
 599        176509.73000
 600        177197.44000
 601        177887.27000
 602        178579.18000
 603        179273.23000
 604        179969.42000
 605        180667.74000
 606        181368.21000
 607        182070.80000
 608        182775.52000
 609        183482.44000
 610        184191.49000
 611        184902.69000
 612        185616.07000
 613        186331.61000
 614        187049.37000
 615        187769.28000
 616        188491.38000
 617        189215.67000
 618        189942.19000
 619        190670.86000
 620        191401.77000
 621        192134.87000
 622        192870.21000
 623        193607.75000
 624        194347.55000
 625        195089.57000
 626        195833.83000
 627        196580.35000
 628        197329.09000
 629        198080.10000
 630        198833.33000
 631        199588.90000
 632        200346.72000
 633        201106.78000
 634        201869.12000
 635        202633.79000
 636        203400.78000
 637        204169.98000
 638        204941.49000
 639        205715.34000
 640        206491.52000
 641        207269.97000
 642        208050.76000
 643        208833.91000
 644        209619.39000
 645        210407.14000
 646        211197.30000
 647        211989.82000
 648        212784.65000
 649        213581.87000
 650        214381.43000
 651        215183.36000
 652        215987.72000
 653        216794.41000
 654        217603.50000
 655        218414.99000
 656        219228.88000
 657        220045.18000
 658        220863.86000
 659        221684.99000
 660        222508.49000
 661        223334.49000
 662        224162.85000
 663        224993.66000
 664        225826.93000
 665        226662.64000
 666        227500.80000
 667        228341.40000
 668        229184.46000
 669        230030.04000
 670        230878.03000
 671        231728.57000
 672        232581.57000
 673        233437.05000
 674        234295.02000
 675        235155.54000
 676        236018.51000
 677        236883.99000
 678        237752.02000
 679        238622.56000
 680        239495.62000
 681        240371.27000
 682        241249.41000
 683        242130.12000
 684        243013.40000
 685        243899.11000
 686        244787.51000
 687        245678.44000
 688        246571.98000
 689        247468.05000
 690        248366.72000
 691        249268.02000
 692        250171.90000
 693        251078.37000
 694        251987.42000
 695        252899.11000
 696        253813.39000
 697        254730.37000
 698        255649.92000
 699        256572.12000
 700        257497.00000
 701        258424.47000
 702        259354.62000
 703        260287.47000
 704        261222.90000
 705        262161.06000
 706        263101.90000
 707        264045.42000
 708        264991.56000
 709        265940.45000
 710        266892.07000
 711        267846.35000
 712        268803.40000
 713        269763.11000
 714        270725.53000
 715        271690.68000
 716        272658.63000
 717        273629.27000
 718        274602.66000
 719        275578.81000
 720        276557.76000
 721        277539.44000
 722        278523.83000
 723        279511.05000
 724        280501.06000
 725        281493.81000
 726        282489.42000
 727        283487.81000
 728        284488.96000
 729        285493.02000
 730        286499.84000
 731        287509.44000
 732        288521.91000
 733        289537.20000
 734        290555.34000
 735        291576.33000
 736        292600.19000
 737        293626.87000
 738        294656.45000
 739        295688.91000
 740        296724.18000
 741        297762.43000
 742        298803.49000
 743        299847.47000
 744        300894.35000
 745        301944.13000
 746        302996.84000
 747        304052.40000
 748        305111.00000
 749        306172.45000
 750        307236.90000
 751        308304.22000
 752        309374.56000
 753        310447.85000
 754        311524.09000
 755        312603.23000
 756        313685.41000
 757        314770.57000
 758        315858.66000
 759        316949.86000
 760        318043.93000
 761        319141.10000
 762        320241.25000
 763        321344.38000
 764        322450.55000
 765        323559.76000
 766        324671.98000
 767        325787.28000
 768        326905.65000
 769        328026.98000
 770        329151.51000
 771        330278.95000
 772        331409.60000
 773        332543.26000
 774        333679.95000
 775        334819.83000
 776        335962.72000
 777        337108.85000
 778        338258.00000
 779        339410.29000
 780        340565.63000
 781        341724.25000
 782        342885.88000
 783        344050.67000
 784        345218.64000
 785        346389.72000
 786        347563.97000
 787        348741.46000
 788        349922.07000
 789        351105.85000
 790        352292.85000
 791        353483.00000
 792        354676.38000
 793        355872.99000
 794        357072.73000
 795        358275.74000
 796        359482.00000
 797        360691.49000
 798        361904.16000
 799        363120.16000
 800        364339.28000
 801        365561.82000
 802        366787.47000
 803        368016.48000
 804        369248.79000
 805        370484.30000
 806        371723.18000
 807        372965.31000
 808        374210.74000
 809        375459.47000
 810        376711.59000
 811        377966.94000
 812        379225.64000
 813        380487.75000
 814        381753.08000
 815        383021.88000
 816        384293.95000
 817        385569.44000
 818        386848.25000
 819        388130.49000
 820        389416.06000
 821        390704.98000
 822        391997.40000
 823        393293.17000
 824        394592.31000
 825        395894.91000
 826        397200.96000
 827        398510.38000
 828        399823.28000
 829        401139.59000
 830        402459.33000
 831        403782.59000
 832        405109.28000
 833        406439.45000
 834        407773.04000
 835        409110.25000
 836        410450.82000
 837        411794.96000
 838        413142.52000
 839        414493.59000
 840        415848.22000
 841        417206.34000
 842        418568.07000
 843        419933.28000
 844        421302.05000
 845        422674.30000
 846        424050.26000
 847        425429.62000
 848        426812.63000
 849        428199.23000
 850        429589.42000
 851        430983.15000
 852        432380.43000
 853        433781.42000
 854        435185.93000
 855        436594.17000
 856        438005.95000
 857        439421.47000
 858        440840.49000
 859        442263.16000
 860        443689.56000
 861        445119.64000
 862        446553.36000
 863        447990.71000
 864        449431.81000
 865        450876.49000
 866        452324.98000
 867        453777.08000
 868        455232.91000
 869        456692.50000
 870        458155.76000
 871        459622.81000
 872        461093.53000
 873        462568.09000
 874        464046.35000
 875        465528.31000
 876        467014.13000
 877        468503.60000
 878        469996.97000
 879        471494.04000
 880        472994.99000
 881        474499.69000
 882        476008.25000
 883        477520.55000
 884        479036.72000
 885        480556.67000
 886        482080.44000
 887        483608.18000
 888        485139.65000
 889        486675.07000
 890        488214.24000
 891        489757.40000
 892        491304.33000
 893        492855.27000
 894        494409.99000
 895        495968.59000
 896        497531.16000
 897        499097.67000
 898        500668.09000
 899        502242.43000
 900        503820.79000
 901        505402.92000
 902        506989.13000
 903        508579.25000
 904        510173.29000
 905        511771.40000
 906        513373.41000
 907        514979.43000
 908        516589.55000
 909        518203.62000
 910        519821.59000
 911        521443.64000
 912        523069.74000
 913        524699.90000
 914        526334.09000
 915        527972.25000
 916        529614.52000
 917        531260.82000
 918        532911.24000
 919        534565.60000
 920        536224.24000
 921        537886.90000
 922        539553.65000
 923        541224.47000
 924        542899.35000
 925        544578.50000
 926        546261.70000
 927        547949.06000
 928        549640.53000
 929        551336.22000
 930        553035.98000
 931        554740.02000
 932        556448.05000
 933        558160.36000
 934        559876.96000
 935        561597.58000
 936        563322.54000
 937        565051.68000
 938        566785.10000
 939        568522.53000
 940        570264.45000
 941        572010.38000
 942        573760.75000
 943        575515.26000
 944        577274.08000
 945        579037.20000
 946        580804.52000
 947        582576.17000
 948        584352.07000
 949        586132.47000
 950        587916.99000
 951        589705.71000
 952        591499.06000
 953        593296.52000
 954        595098.43000
 955        596904.62000
 956        598715.25000
 957        600530.16000
 958        602349.60000
 959        604173.26000
 960        606001.24000
 961        607833.85000
 962        609670.68000
 963        611511.99000
 964        613357.65000
 965        615207.89000
 966        617062.42000
 967        618921.50000
 968        620784.85000
 969        622652.86000
 970        624525.26000
 971        626402.13000
 972        628283.49000
 973        630169.23000
 974        632059.59000
 975        633954.50000
 976        635853.85000
 977        637757.73000
 978        639666.10000
 979        641579.06000
 980        643496.45000
 981        645418.51000
 982        647345.18000
 983        649276.28000
 984        651211.99000
 985        653152.50000
 986        655097.33000
 987        657046.85000
 988        659001.02000
 989        660959.74000
 990        662923.10000
 991        664891.05000
 992        666863.70000
 993        668840.92000
 994        670822.97000
 995        672809.46000
 996        674800.95000
 997        676796.81000
 998        678797.45000
 999        680802.80000
1000        682812.78000