   1             4.88331
   2            12.59897
   3            22.41936
   4            33.97061
   5            47.02453
   6            61.42474
   7            77.05556
   8            93.82680
   9           111.66573
  10           130.51198
  11           150.31447
  12           171.02916
  13           192.61760
  14           215.04587
  15           238.28371
  16           262.30399
  17           287.08209
  18           312.59552
  19           338.82382
  20           365.74805
  21           393.35080
  22           421.61597
  23           450.52829
  24           480.07376
  25           510.23901
  26           541.01184
  27           572.38062
  28           604.33417
  29           636.86194
  30           669.95435
  31           703.60175
  32           737.79517
  33           772.52637
  34           807.78711
  35           843.56934
  36           879.86584
  37           916.66968
  38           953.97388
  39           991.77173
  40          1030.05710
  41          1068.82420
  42          1108.06630
  43          1147.77890
  44          1187.95570
  45          1228.59200
  46          1269.68230
  47          1311.22190
  48          1353.20610
  49          1395.62990
  50          1438.48960
  51          1481.78000
  52          1525.49770
  53          1569.63840
  54          1614.19790
  55          1659.17230
  56          1704.55800
  57          1750.35180
  58          1796.54920
  59          1843.14780
  60          1890.14320
  61          1937.53350
  62          1985.31440
  63          2033.48270
  64          2082.03600
  65          2130.97040
  66          2180.28420
  67          2229.97430
  68          2280.03750
  69          2330.47110
  70          2381.27220
  71          2432.43930
  72          2483.96850
  73          2535.85850
  74          2588.10620
  75          2640.70940
  76          2693.66610
  77          2746.97380
  78          2800.62940
  79          2854.63210
  80          2908.97900
  81          2963.66850
  82          3018.69840
  83          3074.06580
  84          3129.76980
  85          3185.80850
  86          3242.17950
  87          3298.88110
  88          3355.91220
  89          3413.26970
  90          3470.95290
  91          3528.95980
  92          3587.28860
  93          3645.93780
  94          3704.90620
  95          3764.19090
  96          3823.79210
  97          3883.70770
  98          3943.93500
  99          4004.47490
 100          4065.32450
 101          4126.48290
 102          4187.94810
 103          4249.71990
 104          4311.79510
 105          4374.17520
 106          4436.85770
 107          4499.84020
 108          4563.12340
 109          4626.70530
 110          4690.58590
 111          4754.76210
 112          4819.23420
 113          4884.00160
 114          4949.06240
 115          5014.41570
 116          5080.06110
 117          5145.99860
 118          5212.22500
 119          5278.74110
 120          5345.54550
 121          5412.63790
 122          5480.01790
 123          5547.68370
 124          5615.63540
 125          5683.87050
 126          5752.39180
 127          5821.19530
 128          5890.28360
 129          5959.65370
 130          6029.30550
 131          6099.23960
 132          6169.45400
 133          6239.94940
 134          6310.72420
 135          6381.78050
 136          6453.11410
 137          6524.72640
 138          6596.61850
 139          6668.78880
 140          6741.23710
 141          6813.96290
 142          6886.96670
 143          6960.24910
 144          7033.80560
 145          7107.64170
 146          7181.75320
 147          7256.14190
 148          7330.80640
 149          7405.74870
 150          7480.96740
 151          7556.46240
 152          7632.23310
 153          7708.28060
 154          7784.60600
 155          7861.20500
 156          7938.08400
 157          8015.23740
 158          8092.66820
 159          8170.37710
 160          8248.36130
 161          8326.62490
 162          8405.16420
 163          8483.98000
 164          8563.07620
 165          8642.45000
 166          8722.10220
 167          8802.03300
 168          8882.24420
 169          8962.73410
 170          9043.50360
 171          9124.55580
 172          9205.88580
 173          9287.49670
 174          9369.39060
 175          9451.56660
 176          9534.02280
 177          9616.76440
 178          9699.78760
 179          9783.09440
 180          9866.68910
 181          9950.56490
 182         10034.72800
 183         10119.17600
 184         10203.91500
 185         10288.93500
 186         10374.24500
 187         10459.84700
 188         10545.73500
 189         10631.91300
 190         10718.38300
 191         10805.14500
 192         10892.19900
 193         10979.54500
 194         11067.18400
 195         11155.11800
 196         11243.34700
 197         11331.87500
 198         11420.69700
 199         11509.81700
 200         11599.23600
 201         11688.95400
 202         11778.97100
 203         11869.29000
 204         11959.91200
 205         12050.83700
 206         12142.06500
 207         12233.59900
 208         12325.43500
 209         12417.58100
 210         12510.03400
 211         12602.79800
 212         12695.86900
 213         12789.25000
 214         12882.94300
 215         12976.94800
 216         13071.26900
 217         13165.90200
 218         13260.85300
 219         13356.11700
 220         13451.70600
 221         13547.60800
 222         13643.83100
 223         13740.37900
 224         13837.24500
 225         13934.43800
 226         14031.95600
 227         14129.79700
 228         14227.96600
 229         14326.46300
 230         14425.28900
 231         14524.44500
 232         14623.93500
 233         14723.75900
 234         14823.91500
 235         14924.40800
 236         15025.23500
 237         15126.40200
 238         15227.90600
 239         15329.75200
 240         15431.93800
 241         15534.46900
 242         15637.34300
 243         15740.56300
 244         15844.13200
 245         15948.04500
 246         16052.30900
 247         16156.92700
 248         16261.89500
 249         16367.21700
 250         16472.89000
 251         16578.92100
 252         16685.31300
 253         16792.06000
 254         16899.16900
 255         17006.63900
 256         17114.47500
 257         17222.67100
 258         17331.23500
 259         17440.16500
 260         17549.46400
 261         17659.13500
 262         17769.17800
 263         17879.59200
 264         17990.37900
 265         18101.54400
 266         18213.08300
 267         18325.00700
 268         18437.30500
 269         18549.98800
 270         18663.05400
 271         18776.50300
 272         18890.34100
 273         19004.56100
 274         19119.17400
 275         19234.18300
 276         19349.57800
 277         19465.36300
 278         19581.54800
 279         19698.13000
 280         19815.11000
 281         19932.48700
 282         20050.26300
 283         20168.44700
 284         20287.03700
 285         20406.02700
 286         20525.43000
 287         20645.23600
 288         20765.45800
 289         20886.08900
 290         21007.13600
 291         21128.60000
 292         21250.47400
 293         21372.77200
 294         21495.49200
 295         21618.62800
 296         21742.18600
 297         21866.17400
 298         21990.58700
 299         22115.42800
 300         22240.69900
 301         22366.40200
 302         22492.53400
 303         22619.10200
 304         22746.10900
 305         22873.55300
 306         23001.43400
 307         23129.76000
 308         23258.53100
 309         23387.73800
 310         23517.39600
 311         23647.49900
 312         23778.05200
 313         23909.06000
 314         24040.51800
 315         24172.43000
 316         24304.80100
 317         24437.62200
 318         24570.91300
 319         24704.65600
 320         24838.86300
 321         24973.53900
 322         25108.68000
 323         25244.28800
 324         25380.36500
 325         25516.91400
 326         25653.93500
 327         25791.43200
 328         25929.40700
 329         26067.85600
 330         26206.78700
 331         26346.20000
 332         26486.09700
 333         26626.47900
 334         26767.34300
 335         26908.69800
 336         27050.54600
 337         27192.88900
 338         27335.71700
 339         27479.04300
 340         27622.87300
 341         27767.19400
 342         27912.02100
 343         28057.34700
 344         28203.18000
 345         28349.51700
 346         28496.36300
 347         28643.71700
 348         28791.58200
 349         28939.96300
 350         29088.86000
 351         29238.27300
 352         29388.20000
 353         29538.65000
 354         29689.61900
 355         29841.11400
 356         29993.14100
 357         30145.68500
 358         30298.76300
 359         30452.37400
 360         30606.52000
 361         30761.19800
 362         30916.40900
 363         31072.16300
 364         31228.45700
 365         31385.28600
 366         31542.67000
 367         31700.59000
 368         31859.06400
 369         32018.08700
 370         32177.65400
 371         32337.78200
 372         32498.45800
 373         32659.69600
 374         32821.49000
 375         32983.84900
 376         33146.76700
 377         33310.24700
 378         33474.28600
 379         33638.90400
 380         33804.08700
 381         33969.84900
 382         34136.17800
 383         34303.08300
 384         34470.56400
 385         34638.62400
 386         34807.26500
 387         34976.48700
 388         35146.29500
 389         35316.69200
 390         35487.67800
 391         35659.25000
 392         35831.41900
 393         36004.18000
 394         36177.54100
 395         36351.49700
 396         36526.04900
 397         36701.19800
 398         36876.96000
 399         37053.32600
 400         37230.29800
 401         37407.88200
 402         37586.07800
 403         37764.88000
 404         37944.30600
 405         38124.34700
 406         38304.99300
 407         38486.28200
 408         38668.17500
 409         38850.70500
 410         39033.85800
 411         39217.63600
 412         39402.05300
 413         39587.09400
 414         39772.77500
 415         39959.08400
 416         40146.04200
 417         40333.63700
 418         40521.87500
 419         40710.75600
 420         40900.28400
 421         41090.45800
 422         41281.28500
 423         41472.76600
 424         41664.89500
 425         41857.67400
 426         42051.13200
 427         42245.23100
 428         42440.00400
 429         42635.44100
 430         42831.53400
 431         43028.30300
 432         43225.74300
 433         43423.84900
 434         43622.62500
 435         43822.09200
 436         44022.22700
 437         44223.04300
 438         44424.54700
 439         44626.73600
 440         44829.60300
 441         45033.15400
 442         45237.40200
 443         45442.34000
 444         45647.97300
 445         45854.30500
 446         46061.33800
 447         46269.06900
 448         46477.50000
 449         46686.63300
 450         46896.47200
 451         47107.03600
 452         47318.29100
 453         47530.25700
 454         47742.95600
 455         47956.35700
 456         48170.48100
 457         48385.32500
 458         48600.89200
 459         48817.19300
 460         49034.20300
 461         49251.96100
 462         49470.43700
 463         49689.64600
 464         49909.59700
 465         50130.28100
 466         50351.71600
 467         50573.87900
 468         50796.79300
 469         51020.45400
 470         51244.86000
 471         51470.00900
 472         51695.91700
 473         51922.58200
 474         52150.00100
 475         52378.18100
 476         52607.12000
 477         52836.81500
 478         53067.28400
 479         53298.51800
 480         53530.51000
 481         53763.28700
 482         53996.82700
 483         54231.15100
 484         54466.24800
 485         54702.13400
 486         54938.79600
 487         55176.23800
 488         55414.46200
 489         55653.48400
 490         55893.29200
 491         56133.88900
 492         56375.29100
 493         56617.48200
 494         56860.47300
 495         57104.26600
 496         57348.87500
 497         57594.28100
 498         57840.48700
 499         58087.50500
 500         58335.34300
 501         58583.99200
 502         58833.46000
 503         59083.74600
 504         59334.85000
 505         59586.78000
 506         59839.52900
 507         60093.10900
 508         60347.51700
 509         60602.76100
 510         60858.84300
 511         61115.76000
 512         61373.50600
 513         61632.10200
 514         61891.54000
 515         62151.82300
 516         62412.94900
 517         62674.93000
 518         62937.76200
 519         63201.45000
 520         63465.98900
 521         63731.39300
 522         63997.65400
 523         64264.78400
 524         64532.77500
 525         64801.63000
 526         65071.36200
 527         65341.96300
 528         65613.43500
 529         65885.79100
 530         66159.02300
 531         66433.13300
 532         66708.13500
 533         66984.02000
 534         67260.79600
 535         67538.45400
 536         67817.00900
 537         68096.45700
 538         68376.80100
 539         68658.05800
 540         68940.21000
 541         69223.26500
 542         69507.21500
 543         69792.08900
 544         70077.87800
 545         70364.56400
 546         70652.17600
 547         70940.70100
 548         71230.15600
 549         71520.52400
 550         71811.82700
 551         72104.04700
 552         72397.20300
 553         72691.28600
 554         72986.32000
 555         73282.27600
 556         73579.17200
 557         73877.01600
 558         74175.79400
 559         74475.52500
 560         74776.20200
 561         75077.83600
 562         75380.41000
 563         75683.96300
 564         75988.44900
 565         76293.92500
 566         76600.34500
 567         76907.73200
 568         77216.08000
 569         77525.40500
 570         77835.70700
 571         78146.97500
 572         78459.24100
 573         78772.46200
 574         79086.66400
 575         79401.86500
 576         79718.05100
 577         80035.23100
 578         80353.39600
 579         80672.54900
 580         80992.71300
 581         81313.87100
 582         81636.02900
 583         81959.18600
 584         82283.34800
 585         82608.54100
 586         82934.72900
 587         83261.92500
 588         83590.14300
 589         83919.38000
 590         84249.64400
 591         84580.93200
 592         84913.23100
 593         85246.56400
 594         85580.94100
 595         85916.35200
 596         86252.78900
 597         86590.26700
 598         86928.77600
 599         87268.34600
 600         87608.95900
 601         87950.60600
 602         88293.31100
 603         88637.08400
 604         88981.89200
 605         89327.76700
 606         89674.70500
 607         90022.69300
 608         90371.77300
 609         90721.91300
 610         91073.12200
 611         91425.38500
 612         91778.74500
 613         92133.19300
 614         92488.70300
 615         92845.30700
 616         93203.00200
 617         93561.78300
 618         93921.62600
 619         94282.60300
 620         94644.65100
 621         95007.81500
 622         95372.07500
 623         95737.43800
 624         96103.91300
 625         96471.49100
 626         96840.18700
 627         97209.98600
 628         97580.91300
 629         97952.96700
 630         98326.12500
 631         98700.40300
 632         99075.83300
 633         99452.38200
 634         99830.05800
 635        100208.88000
 636        100588.85000
 637        100969.95000
 638        101352.19000
 639        101735.56000
 640        102120.09000
 641        102505.78000
 642        102892.63000
 643        103280.63000
 644        103669.78000
 645        104060.11000
 646        104451.58000
 647        104844.24000
 648        105238.06000
 649        105633.04000
 650        106029.19000
 651        106426.56000
 652        106825.07000
 653        107224.78000
 654        107625.69000
 655        108027.77000
 656        108431.03000
 657        108835.51000
 658        109241.15000
 659        109648.03000
 660        110056.09000
 661        110465.36000
 662        110875.84000
 663        111287.52000
 664        111700.43000
 665        112114.56000
 666        112529.87000
 667        112946.43000
 668        113364.19000
 669        113783.22000
 670        114203.45000
 671        114624.92000
 672        115047.59000
 673        115471.56000
 674        115896.73000
 675        116323.14000
 676        116750.82000
 677        117179.71000
 678        117609.87000
 679        118041.30000
 680        118473.99000
 681        118907.92000
 682        119343.12000
 683        119779.59000
 684        120217.32000
 685        120656.31000
 686        121096.58000
 687        121538.12000
 688        121980.96000
 689        122425.07000
 690        122870.48000
 691        123317.16000
 692        123765.14000
 693        124214.41000
 694        124664.95000
 695        125116.80000
 696        125569.99000
 697        126024.45000
 698        126480.21000
 699        126937.29000
 700        127395.71000
 701        127855.43000
 702        128316.46000
 703        128778.80000
 704        129242.45000
 705        129707.47000
 706        130173.79000
 707        130641.47000
 708        131110.48000
 709        131580.82000
 710        132052.49000
 711        132525.52000
 712        132999.89000
 713        133475.62000
 714        133952.69000
 715        134431.13000
 716        134910.91000
 717        135392.08000
 718        135874.59000
 719        136358.47000
 720        136843.74000
 721        137330.37000
 722        137818.37000
 723        138307.75000
 724        138798.51000
 725        139290.65000
 726        139784.21000
 727        140279.13000
 728        140775.45000
 729        141273.18000
 730        141772.30000
 731        142272.84000
 732        142774.74000
 733        143278.08000
 734        143782.84000
 735        144288.99000
 736        144796.58000
 737        145305.57000
 738        145816.01000
 739        146327.87000
 740        146841.13000
 741        147355.85000
 742        147871.99000
 743        148389.60000
 744        148908.60000
 745        149429.11000
 746        149951.03000
 747        150474.37000
 748        150999.22000
 749        151525.46000
 750        152053.25000
 751        152582.43000
 752        153113.11000
 753        153645.22000
 754        154178.85000
 755        154713.96000
 756        155250.48000
 757        155788.52000
 758        156328.06000
 759        156869.10000
 760        157411.57000
 761        157955.57000
 762        158501.08000
 763        159048.07000
 764        159596.57000
 765        160146.54000
 766        160698.06000
 767        161251.07000
 768        161805.65000
 769        162361.66000
 770        162919.24000
 771        163478.35000
 772        164038.98000
 773        164601.11000
 774        165164.81000
 775        165730.03000
 776        166296.81000
 777        166865.11000
 778        167434.95000
 779        168006.37000
 780        168579.31000
 781        169153.84000
 782        169729.88000
 783        170307.50000
 784        170886.70000
 785        171467.45000
 786        172049.82000
 787        172633.69000
 788        173219.22000
 789        173806.24000
 790        174394.93000
 791        174985.13000
 792        175576.99000
 793        176170.38000
 794        176765.40000
 795        177362.02000
 796        177960.24000
 797        178560.06000
 798        179161.50000
 799        179764.51000
 800        180369.20000
 801        180975.48000
 802        181583.38000
 803        182192.89000
 804        182804.06000
 805        183416.84000
 806        184031.26000
 807        184647.33000
 808        185265.04000
 809        185884.36000
 810        186505.38000
 811        187128.02000
 812        187752.32000
 813        188378.27000
 814        189005.89000
 815        189635.20000
 816        190266.11000
 817        190898.76000
 818        191533.07000
 819        192169.03000
 820        192806.69000
 821        193446.03000
 822        194087.04000
 823        194729.79000
 824        195374.20000
 825        196020.28000
 826        196668.11000
 827        197317.63000
 828        197968.87000
 829        198621.74000
 830        199276.40000
 831        199932.80000
 832        200590.84000
 833        201250.68000
 834        201912.20000
 835        202575.48000
 836        203240.47000
 837        203907.23000
 838        204575.69000
 839        205245.94000
 840        205917.89000
 841        206591.58000
 842        207267.09000
 843        207944.31000
 844        208623.36000
 845        209304.06000
 846        209986.61000
 847        210670.91000
 848        211356.99000
 849        212044.83000
 850        212734.44000
 851        213425.86000
 852        214119.08000
 853        214814.08000
 854        215510.89000
 855        216209.50000
 856        216909.87000
 857        217612.06000
 858        218316.06000
 859        219021.87000
 860        219729.49000
 861        220438.94000
 862        221150.28000
 863        221863.35000
 864        222578.33000
 865        223295.05000
 866        224013.67000
 867        224734.07000
 868        225456.37000
 869        226180.54000
 870        226906.50000
 871        227634.37000
 872        228364.03000
 873        229095.63000
 874        229829.02000
 875        230564.35000
 876        231301.47000
 877        232040.51000
 878        232781.46000
 879        233524.23000
 880        234268.94000
 881        235015.52000
 882        235763.96000
 883        236514.30000
 884        237266.60000
 885        238020.77000
 886        238776.81000
 887        239534.82000
 888        240294.71000
 889        241056.53000
 890        241820.25000
 891        242585.92000
 892        243353.51000
 893        244123.04000
 894        244894.50000
 895        245667.88000
 896        246443.22000
 897        247220.48000
 898        247999.75000
 899        248780.91000
 900        249564.10000
 901        250349.16000
 902        251136.26000
 903        251925.29000
 904        252716.33000
 905        253509.28000
 906        254304.26000
 907        255101.23000
 908        255900.16000
 909        256701.11000
 910        257503.99000
 911        258308.95000
 912        259115.83000
 913        259924.76000
 914        260735.69000
 915        261548.61000
 916        262363.61000
 917        263180.56000
 918        263999.60000
 919        264820.60000
 920        265643.64000
 921        266468.75000
 922        267295.86000
 923        268125.02000
 924        268956.24000
 925        269789.54000
 926        270624.80000
 927        271462.23000
 928        272301.64000
 929        273143.20000
 930        273986.71000
 931        274832.39000
 932        275680.08000
 933        276529.84000
 934        277381.78000
 935        278235.69000
 936        279091.73000
 937        279949.89000
 938        280810.12000
 939        281672.50000
 940        282536.97000
 941        283403.49000
 942        284272.10000
 943        285142.91000
 944        286015.85000
 945        286890.89000
 946        287768.06000
 947        288647.35000
 948        289528.78000
 949        290412.37000
 950        291298.03000
 951        292185.84000
 952        293075.92000
 953        293968.04000
 954        294862.38000
 955        295758.87000
 956        296657.53000
 957        297558.33000
 958        298461.32000
 959        299366.53000
 960        300273.82000
 961        301183.41000
 962        302095.11000
 963        303009.06000
 964        303925.15000
 965        304843.52000
 966        305764.00000
 967        306686.78000
 968        307611.68000
 969        308538.89000
 970        309468.26000
 971        310399.80000
 972        311333.68000
 973        312269.75000
 974        313208.08000
 975        314148.60000
 976        315091.41000
 977        316036.43000
 978        316983.75000
 979        317933.28000
 980        318885.11000
 981        319839.13000
 982        320795.47000
 983        321754.12000
 984        322714.96000
 985        323678.17000
 986        324643.60000
 987        325611.32000
 988        326581.37000
 989        327553.66000
 990        328528.29000
 991        329505.20000
 992        330484.47000
 993        331466.00000
 994        332449.88000
 995        333436.04000
 996        334424.58000
 997        335415.37000
 998        336408.50000
 999        337404.04000
1000        338401.89000